7.600000000000004530e-01
8.100000000000004974e-01
9.799999999999995381e-01
9.699999999999999734e-01
7.599999999999997868e-01
7.999999999999997113e-01
3.899999999999999023e-01
5.400000000000002576e-01
3.300000000000002931e-01
1.120000000000000107e+00
6.399999999999999023e-01
1.700000000000000400e+00
9.099999999999999201e-01
9.600000000000001865e-01
7.499999999999997780e-01
1.050000000000000266e+00
5.200000000000001288e-01
6.599999999999998090e-01
4.399999999999999467e-01
3.200000000000001732e-01
7.699999999999999067e-01
6.800000000000001599e-01
3.000000000000000999e-01
5.900000000000000799e-01
7.199999999999999734e-01
3.900000000000000133e-01
1.330000000000000071e+00
3.200000000000001177e-01
1.200000000000000788e-01
6.700000000000001510e-01
5.599999999999999423e-01
7.100000000000002975e-01
1.210000000000000187e+00
3.900000000000000688e-01
9.500000000000000666e-01
5.100000000000000089e-01
6.299999999999998934e-01
3.500000000000000888e-01
2.399999999999998801e-01
2.600000000000000089e-01
2.900000000000001465e-01
2.300000000000000377e-01
2.100000000000000200e-01
1.700000000000000955e-01
1.399999999999999856e-01
6.999999999999995115e-02
3.399999999999999689e-01
7.299999999999999822e-01
2.700000000000001288e-01
3.900000000000001243e-01
5.600000000000000533e-01
8.900000000000000133e-01
6.799999999999998268e-01
8.300000000000002931e-01
1.290000000000000036e+00
8.100000000000001643e-01
4.200000000000002620e-01
8.499999999999998668e-01
2.300000000000001210e-01
9.799999999999997602e-01
2.400000000000000744e-01
7.800000000000004707e-01
5.799999999999999600e-01
5.799999999999999600e-01
8.900000000000002354e-01
3.099999999999999423e-01
5.900000000000000799e-01
9.499999999999998446e-01
6.399999999999999023e-01
4.800000000000002043e-01
7.700000000000002398e-01
5.600000000000000533e-01
5.300000000000001377e-01
7.299999999999999822e-01
8.500000000000000888e-01
1.020000000000000018e+00
1.199999999999999956e+00
3.900000000000000688e-01
1.900000000000001132e-01
1.600000000000000311e-01
7.199999999999999734e-01
3.300000000000000711e-01
3.999999999999999112e-01
8.599999999999998757e-01
1.100000000000000089e+00
7.999999999999999334e-01
8.300000000000000711e-01
6.200000000000002176e-01
8.800000000000001155e-01
3.500000000000000333e-01
4.400000000000001688e-01
1.100000000000000699e-01
3.699999999999999956e-01
6.000000000000005329e-02
2.700000000000001288e-01
3.200000000000000622e-01
6.000000000000000888e-01
6.000000000000003109e-01
6.100000000000002087e-01
5.000000000000002220e-01
3.499999999999999223e-01
2.000000000000000389e-01
5.300000000000000266e-01
5.900000000000000799e-01
6.400000000000000133e-01
3.499999999999999778e-01
3.300000000000000711e-01
1.599999999999999756e-01
4.000000000000002442e-01
3.200000000000000067e-01
2.400000000000000466e-01
8.999999999999996891e-02
2.600000000000000644e-01
2.100000000000000755e-01
9.000000000000005218e-02
2.999999999999999889e-02
8.000000000000001554e-02
1.000000000000000472e-01
3.800000000000001155e-01
0.000000000000000000e+00
2.300000000000000377e-01
2.100000000000000477e-01
1.000000000000000611e-01
2.300000000000000377e-01
2.099999999999999367e-01
1.499999999999999112e-01
4.400000000000000022e-01
3.799999999999998934e-01
3.200000000000000622e-01
7.000000000000000666e-02
3.899999999999999023e-01
3.100000000000001088e-01
3.600000000000000977e-01
4.499999999999999556e-01
4.200000000000000955e-01
5.999999999999998668e-01
8.099999999999999423e-01
7.699999999999997957e-01
4.300000000000001044e-01
5.200000000000001288e-01
5.800000000000000711e-01
2.599999999999999534e-01
7.299999999999997602e-01
1.040000000000000036e+00
1.629999999999999893e+00
2.320000000000000284e+00
7.599999999999998979e-01
1.080000000000000071e+00
6.200000000000001066e-01
2.400000000000001299e-01
5.600000000000001643e-01
7.700000000000000178e-01
5.599999999999998312e-01
2.700000000000001288e-01
2.700000000000000733e-01
4.500000000000000111e-01
6.000000000000005329e-02
1.999999999999990674e-02
1.000000000000000194e-01
1.800000000000000488e-01
1.999999999999999278e-01
6.200000000000001066e-01
7.399999999999999911e-01
5.800000000000000711e-01
1.319999999999999840e+00
6.800000000000001599e-01
3.100000000000000533e-01
1.190000000000000169e+00
5.800000000000000711e-01
1.100000000000000089e+00
6.200000000000003286e-01
3.000000000000000444e-01
3.000000000000000444e-01
3.499999999999999778e-01
1.400000000000001243e-01
6.800000000000000488e-01
5.000000000000000000e-01
8.699999999999999956e-01
8.500000000000000888e-01
9.699999999999998623e-01
1.910000000000000142e+00
9.000000000000002442e-01
1.929999999999999938e+00
5.300000000000000266e-01
1.419999999999999929e+00
1.040000000000000036e+00
5.900000000000000799e-01
5.700000000000000622e-01
1.460000000000000187e+00
8.299999999999999600e-01
1.160000000000000142e+00
1.330000000000000071e+00
1.800000000000000488e-01
1.900000000000000022e-01
2.000000000000000389e-01
1.229999999999999982e+00
1.080000000000000071e+00
1.200000000000000178e+00
8.800000000000000044e-01
9.899999999999998801e-01
1.639999999999999680e+00
7.099999999999999645e-01
8.599999999999999867e-01
3.300000000000000711e-01
7.400000000000002132e-01
2.299999999999999822e-01
9.100000000000001421e-01
3.000000000000000444e-01
3.500000000000001443e-01
4.200000000000000400e-01
1.800000000000000766e-01
2.600000000000001199e-01
7.000000000000002054e-02
4.799999999999998712e-01
3.599999999999998201e-01
2.499999999999999167e-01
3.300000000000000711e-01
2.800000000000001377e-01
3.800000000000000044e-01
4.400000000000001688e-01
1.199999999999999817e-01
1.500000000000000777e-01
1.400000000000000133e-01
5.000000000000000000e-01
3.299999999999997380e-01
2.400000000000000466e-01
6.400000000000000133e-01
6.400000000000000133e-01
2.800000000000001377e-01
2.100000000000000200e-01
1.910000000000000142e+00
6.600000000000000311e-01
4.000000000000002165e-02
5.500000000000000444e-01
6.100000000000002087e-01
1.700000000000000122e-01
2.000000000000000389e-01
3.800000000000001155e-01
5.700000000000000622e-01
1.100000000000000699e-01
1.699999999999999845e-01
2.200000000000001399e-01
9.000000000000006606e-02
1.199999999999999817e-01
4.300000000000000488e-01
1.000000000000000888e-02
9.000000000000005218e-02
2.499999999999998890e-01
4.200000000000000400e-01
2.300000000000000933e-01
3.099999999999999978e-01
4.099999999999999201e-01
3.500000000000000333e-01
4.700000000000000844e-01
3.799999999999998934e-01
2.000000000000001082e-02
2.700000000000000178e-01
4.299999999999999933e-01
1.300000000000000600e-01
4.000000000000000083e-02
9.000000000000002442e-01
6.399999999999999023e-01
1.800000000000001044e-01
1.000000000000000021e-02
4.399999999999999467e-01
9.999999999999997780e-02
6.000000000000003941e-02
9.000000000000002442e-02
1.199999999999999817e-01
1.599999999999999756e-01
1.800000000000001044e-01
0.000000000000000000e+00
1.499999999999998557e-01
1.499999999999998557e-01
2.200000000000000844e-01
1.499999999999999112e-01
4.500000000000000666e-01
1.999999999999999556e-01
4.000000000000003553e-02
1.500000000000000777e-01
1.399999999999999578e-01
4.999999999999990563e-02
1.999999999999999556e-01
9.999999999999995004e-02
2.999999999999998224e-01
2.499999999999999722e-01
1.900000000000000022e-01
3.600000000000000977e-01
2.099999999999999922e-01
7.000000000000000666e-02
3.399999999999999689e-01
1.999999999999999556e-01
1.300000000000000044e-01
6.700000000000001510e-01
2.099999999999998535e-01
1.599999999999998923e-01
1.000000000000000333e-01
2.800000000000000266e-01
2.700000000000000178e-01
1.800000000000000211e-01
8.000000000000007105e-02
1.600000000000000588e-01
4.199999999999999845e-01
2.999999999999999889e-02
1.799999999999999656e-01
4.900000000000000466e-01
1.600000000000000588e-01
2.899999999999999800e-01
1.599999999999999756e-01
4.499999999999999556e-01
1.699999999999999845e-01
3.499999999999999778e-01
2.600000000000000089e-01
3.100000000000000533e-01
6.300000000000000044e-01
1.499999999999999944e-01
1.799999999999999378e-01
1.000000000000000888e-02
1.999999999999999001e-01
6.799999999999998268e-01
4.200000000000000955e-01
4.400000000000001132e-01
3.800000000000001155e-01
4.300000000000001599e-01
3.200000000000001732e-01
2.100000000000000755e-01
1.000000000000000000e+00
2.800000000000001377e-01
8.500000000000000888e-01
7.300000000000002043e-01
4.800000000000002043e-01
4.800000000000001488e-01
5.400000000000000355e-01
5.200000000000000178e-01
2.899999999999999245e-01
3.800000000000002265e-01
7.999999999999996003e-02
3.800000000000001710e-01
2.000000000000000111e-01
1.100000000000000561e-01
4.699999999999999734e-01
4.199999999999999289e-01
3.700000000000000511e-01
4.000000000000000222e-01
4.199999999999999845e-01
5.799999999999999600e-01
2.399999999999999911e-01
3.800000000000000044e-01
4.700000000000001399e-01
5.500000000000000444e-01
6.900000000000000577e-01
4.799999999999999822e-01
1.370000000000000107e+00
9.500000000000001776e-01
1.089999999999999858e+00
2.060000000000000497e+00
2.760000000000000231e+00
1.160000000000000364e+00
