4.420000000000000817e+00
2.690000000000000391e+00
2.870000000000000107e+00
2.730000000000000426e+00
1.840000000000000302e+00
2.509999999999999787e+00
1.890000000000000346e+00
2.520000000000000462e+00
2.700000000000000622e+00
2.049999999999999822e+00
2.230000000000000426e+00
3.739999999999999769e+00
3.490000000000000213e+00
4.440000000000000391e+00
2.850000000000000089e+00
3.690000000000000391e+00
1.680000000000000160e+00
1.660000000000000364e+00
1.050000000000000044e+00
4.700000000000001954e-01
1.720000000000000195e+00
2.410000000000000586e+00
6.500000000000001332e-01
5.100000000000001199e-01
3.100000000000000533e+00
8.100000000000002753e-01
5.419999999999999929e+00
2.410000000000000142e+00
5.600000000000000533e-01
3.260000000000000675e+00
7.900000000000001465e-01
1.070000000000000284e+00
3.060000000000000497e+00
8.100000000000000533e-01
2.729999999999999538e+00
6.900000000000000577e-01
7.700000000000001288e-01
7.700000000000000178e-01
3.700000000000000511e-01
2.500000000000000555e-01
4.899999999999999911e-01
5.600000000000000533e-01
2.499999999999999722e-01
2.200000000000001121e-01
1.399999999999999856e-01
4.000000000000002859e-02
3.300000000000000711e-01
7.700000000000000178e-01
8.400000000000000799e-01
1.120000000000000107e+00
1.290000000000000036e+00
1.310000000000000053e+00
1.020000000000000240e+00
1.900000000000000133e+00
1.170000000000000373e+00
8.399999999999999689e-01
6.600000000000000311e-01
8.500000000000001998e-01
2.100000000000000755e-01
1.359999999999999876e+00
1.500000000000001055e-01
9.400000000000001688e-01
8.000000000000000444e-01
1.170000000000000151e+00
9.599999999999999645e-01
5.800000000000000711e-01
1.080000000000000071e+00
3.490000000000000213e+00
2.000000000000000000e+00
2.620000000000000107e+00
1.830000000000000071e+00
2.209999999999999964e+00
1.690000000000000169e+00
2.169999999999999929e+00
2.469999999999998863e+00
3.050000000000000266e+00
2.890000000000000124e+00
6.100000000000002087e-01
5.000000000000001110e-01
1.299999999999999767e-01
2.339999999999999858e+00
1.180000000000000160e+00
1.439999999999999725e+00
1.790000000000000036e+00
1.870000000000000107e+00
1.749999999999999778e+00
2.879999999999999893e+00
1.410000000000000142e+00
1.350000000000000089e+00
5.700000000000000622e-01
4.600000000000000755e-01
1.200000000000000094e-01
2.700000000000000733e-01
2.800000000000000266e-01
2.200000000000000844e-01
6.300000000000000044e-01
1.699999999999999734e+00
8.599999999999999867e-01
9.500000000000000666e-01
6.300000000000001155e-01
1.030000000000000027e+00
5.899999999999998579e-01
1.139999999999999902e+00
2.279999999999999805e+00
7.500000000000000000e-01
1.910000000000000142e+00
8.599999999999999867e-01
6.200000000000001066e-01
6.800000000000000488e-01
4.699999999999998623e-01
1.900000000000000855e-01
7.599999999999998979e-01
4.599999999999999645e-01
3.399999999999998579e-01
8.000000000000007105e-02
2.000000000000001776e-02
1.400000000000000133e-01
1.800000000000001044e-01
3.799999999999999489e-01
0.000000000000000000e+00
1.199999999999999123e-01
7.299999999999999822e-01
1.200000000000000094e-01
2.299999999999999545e-01
3.300000000000000155e-01
2.299999999999998712e-01
4.999999999999999445e-01
4.799999999999999822e-01
4.800000000000000933e-01
5.000000000000000278e-02
4.399999999999999467e-01
7.900000000000000355e-01
1.040000000000000036e+00
6.500000000000000222e-01
6.700000000000001510e-01
7.799999999999999156e-01
3.469999999999999751e+00
7.300000000000000933e-01
4.900000000000000466e-01
2.250000000000000000e+00
3.310000000000000497e+00
5.300000000000000266e-01
2.209999999999999964e+00
6.499999999999999112e-01
1.590000000000000080e+00
1.780000000000000027e+00
1.070000000000000284e+00
1.629999999999999893e+00
6.500000000000000222e-01
5.800000000000000711e-01
6.400000000000001243e-01
1.869999999999999885e+00
7.800000000000001377e-01
8.899999999999997913e-01
4.000000000000000222e-01
5.900000000000000799e-01
6.000000000000005329e-02
3.999999999999992450e-02
2.300000000000000377e-01
5.400000000000000355e-01
3.700000000000002176e-01
8.700000000000001066e-01
1.040000000000000036e+00
9.200000000000000400e-01
1.900000000000000133e+00
1.190000000000000169e+00
6.400000000000000133e-01
1.339999999999999858e+00
1.379999999999999893e+00
2.940000000000000391e+00
2.409999999999999698e+00
1.799999999999999933e-01
4.400000000000000577e-01
5.200000000000000178e-01
3.199999999999999512e-01
1.419999999999999929e+00
6.900000000000000577e-01
3.259999999999999787e+00
3.290000000000000036e+00
2.190000000000000391e+00
2.979999999999999538e+00
2.800000000000000266e+00
7.109999999999999432e+00
2.780000000000000249e+00
1.800000000000000266e+00
1.090000000000000302e+00
8.600000000000000977e-01
4.800000000000000377e-01
1.969999999999999973e+00
2.240000000000000213e+00
1.050000000000000266e+00
3.950000000000000178e+00
3.000000000000000999e-01
1.179999999999999716e+00
1.090000000000000080e+00
2.359999999999999432e+00
2.609999999999999876e+00
5.060000000000000497e+00
2.900000000000000355e+00
2.660000000000000142e+00
2.310000000000000053e+00
9.799999999999998712e-01
1.110000000000000320e+00
8.200000000000000622e-01
4.399999999999999467e-01
3.800000000000000600e-01
1.670000000000000151e+00
7.600000000000001199e-01
5.200000000000000178e-01
7.199999999999999734e-01
1.200000000000000094e-01
5.300000000000000266e-01
1.700000000000000122e-01
8.800000000000001155e-01
1.109999999999999876e+00
4.500000000000000666e-01
3.300000000000001821e-01
5.900000000000001910e-01
3.800000000000000600e-01
4.400000000000000577e-01
8.000000000000007105e-02
2.100000000000001310e-01
1.600000000000001421e-01
3.599999999999999867e-01
9.199999999999998179e-01
9.200000000000001510e-01
1.099999999999999645e+00
1.500000000000000000e+00
6.099999999999999867e-01
4.299999999999999933e-01
4.570000000000000284e+00
1.719999999999999973e+00
5.699999999999999512e-01
1.309999999999999831e+00
1.439999999999999947e+00
1.189999999999999947e+00
1.360000000000000098e+00
1.130000000000000115e+00
8.999999999999999112e-01
4.299999999999999378e-01
2.299999999999999822e-01
4.500000000000000666e-01
2.300000000000000377e-01
2.400000000000000744e-01
5.200000000000000178e-01
6.999999999999993727e-02
2.799999999999999711e-01
2.500000000000000000e-01
4.699999999999999178e-01
4.100000000000000311e-01
7.299999999999999822e-01
1.120000000000000107e+00
1.470000000000000195e+00
1.029999999999999805e+00
1.110000000000000098e+00
1.000000000000000021e-02
3.899999999999999578e-01
9.500000000000000666e-01
2.999999999999999334e-01
1.199999999999999817e-01
2.109999999999999876e+00
9.400000000000001688e-01
4.299999999999999378e-01
4.000000000000000083e-02
7.800000000000001377e-01
4.899999999999999911e-01
4.000000000000001471e-02
8.199999999999999512e-01
2.399999999999999911e-01
3.200000000000000067e-01
1.400000000000000688e-01
7.000000000000003442e-02
4.599999999999999645e-01
2.600000000000000644e-01
7.000000000000006217e-02
2.300000000000001210e-01
3.199999999999999512e-01
9.000000000000003830e-02
3.000000000000002665e-02
1.700000000000000400e-01
7.999999999999996003e-02
4.000000000000002165e-02
1.400000000000000411e-01
1.700000000000001232e-01
5.499999999999999334e-01
7.999999999999996003e-02
6.100000000000000977e-01
2.900000000000000355e-01
1.300000000000000044e-01
1.199999999999999956e-01
5.400000000000000355e-01
3.399999999999999689e-01
1.199999999999999817e-01
1.439999999999999947e+00
3.500000000000000333e-01
3.900000000000000133e-01
2.400000000000000466e-01
2.399999999999999634e-01
7.299999999999999822e-01
2.700000000000000178e-01
1.000000000000000888e-02
4.400000000000000577e-01
2.999999999999998224e-01
8.000000000000000167e-02
2.100000000000000755e-01
6.299999999999998934e-01
2.400000000000000189e-01
2.200000000000000011e-01
1.400000000000000133e-01
4.399999999999999467e-01
9.399999999999999467e-01
3.400000000000000244e-01
8.199999999999999512e-01
5.600000000000000533e-01
5.099999999999998979e-01
3.400000000000000799e-01
5.200000000000000178e-01
7.000000000000006217e-02
3.300000000000001821e-01
1.600000000000000089e+00
2.290000000000000036e+00
1.619999999999999885e+00
1.410000000000000142e+00
2.099999999999999645e+00
1.379999999999999893e+00
1.969999999999999973e+00
3.339999999999999858e+00
6.099999999999999867e-01
5.440000000000000391e+00
1.159999999999999920e+00
4.240000000000000213e+00
2.239999999999999769e+00
1.899999999999999911e+00
1.920000000000000151e+00
5.600000000000000533e-01
1.009999999999999787e+00
1.600000000000000033e-01
4.000000000000000777e-01
2.400000000000000466e-01
1.200000000000000788e-01
9.299999999999999378e-01
5.200000000000000178e-01
2.300000000000000655e-01
7.900000000000000355e-01
8.700000000000001066e-01
9.400000000000000577e-01
5.999999999999999778e-01
1.689999999999999947e+00
1.799999999999999822e+00
1.210000000000000187e+00
1.549999999999999822e+00
4.600000000000000533e+00
2.750000000000000000e+00
1.550000000000000044e+00
8.100000000000000533e-01
3.200000000000000178e+00
4.790000000000000036e+00
2.669999999999999929e+00
