6.199999999999999956e-01
5.500000000000001554e-01
5.599999999999998312e-01
6.700000000000001510e-01
4.099999999999999756e-01
8.500000000000000888e-01
3.500000000000000333e-01
3.200000000000000622e-01
2.399999999999999911e-01
8.600000000000000977e-01
4.200000000000001510e-01
1.419999999999999929e+00
9.099999999999999201e-01
8.200000000000001732e-01
6.300000000000000044e-01
5.199999999999999067e-01
6.200000000000001066e-01
5.299999999999998046e-01
2.399999999999999634e-01
2.900000000000001465e-01
5.000000000000000000e-01
8.300000000000000711e-01
2.400000000000001577e-01
3.499999999999998668e-01
7.700000000000000178e-01
1.700000000000001510e-01
6.300000000000000044e-01
6.300000000000000044e-01
1.000000000000000888e-02
6.600000000000002531e-01
1.300000000000000044e-01
1.100000000000000977e-01
2.800000000000001377e-01
2.700000000000001288e-01
7.800000000000001377e-01
1.699999999999999845e-01
4.900000000000002132e-01
3.700000000000001066e-01
1.700000000000000122e-01
2.999999999999999334e-01
1.900000000000000855e-01
2.300000000000000100e-01
1.200000000000000649e-01
1.700000000000000122e-01
1.000000000000000888e-02
1.000000000000000749e-01
4.899999999999999911e-01
2.500000000000001110e-01
2.700000000000000733e-01
4.300000000000000488e-01
3.300000000000001266e-01
3.099999999999999978e-01
2.400000000000000466e-01
1.700000000000001232e-01
9.000000000000005218e-02
2.999999999999999334e-01
2.100000000000000200e-01
1.000000000000000888e-02
2.400000000000000744e-01
7.000000000000004829e-02
1.000000000000000749e-01
2.899999999999999800e-01
3.900000000000000688e-01
4.400000000000000577e-01
9.999999999999996392e-02
3.000000000000001554e-01
8.100000000000000533e-01
3.100000000000001088e-01
3.700000000000000511e-01
5.300000000000000266e-01
2.799999999999998601e-01
4.500000000000000111e-01
6.300000000000003375e-01
7.700000000000003508e-01
7.999999999999998224e-01
7.500000000000000000e-01
4.100000000000000311e-01
2.700000000000000178e-01
8.999999999999991340e-02
2.999999999999999334e-01
3.499999999999998668e-01
2.999999999999999334e-01
5.899999999999998579e-01
5.400000000000001465e-01
5.700000000000000622e-01
5.500000000000001554e-01
5.799999999999999600e-01
6.899999999999999467e-01
2.000000000000000111e-01
3.100000000000001088e-01
4.000000000000002859e-02
2.100000000000000755e-01
2.000000000000001776e-02
8.000000000000005718e-02
2.500000000000000000e-01
2.199999999999999734e-01
2.100000000000000200e-01
4.399999999999999467e-01
2.400000000000000466e-01
3.700000000000001066e-01
1.600000000000000866e-01
2.299999999999999822e-01
4.000000000000000777e-01
3.900000000000001243e-01
7.399999999999999911e-01
3.800000000000000044e-01
2.800000000000000822e-01
3.999999999999999112e-01
3.099999999999998312e-01
7.000000000000002054e-02
1.900000000000000577e-01
2.400000000000001021e-01
2.899999999999999245e-01
5.000000000000001665e-02
4.000000000000000777e-02
9.000000000000006606e-02
5.000000000000004441e-02
2.899999999999998135e-01
0.000000000000000000e+00
1.600000000000000588e-01
1.000000000000000472e-01
5.999999999999999778e-02
2.200000000000000289e-01
1.399999999999999856e-01
1.699999999999999289e-01
2.700000000000000178e-01
4.500000000000000666e-01
4.500000000000000666e-01
4.000000000000000083e-02
2.999999999999999334e-01
2.500000000000000000e-01
5.700000000000001732e-01
2.199999999999999734e-01
3.300000000000000155e-01
5.599999999999998312e-01
6.099999999999998757e-01
1.400000000000000688e-01
2.200000000000001399e-01
5.400000000000000355e-01
5.700000000000001732e-01
1.600000000000001421e-01
2.900000000000002576e-01
4.200000000000001510e-01
4.000000000000000777e-01
1.910000000000000142e+00
9.899999999999999911e-01
3.800000000000000044e-01
4.799999999999999267e-01
3.499999999999998668e-01
2.199999999999999734e-01
2.200000000000000011e-01
3.799999999999997824e-01
2.199999999999999456e-01
4.300000000000000488e-01
3.500000000000000333e-01
1.100000000000000422e-01
4.999999999999993339e-02
1.200000000000000233e-01
2.400000000000000189e-01
3.299999999999999600e-01
4.600000000000001310e-01
3.700000000000001066e-01
2.100000000000000477e-01
5.300000000000000266e-01
4.099999999999999201e-01
1.499999999999999944e-01
9.100000000000001421e-01
2.500000000000001110e-01
8.299999999999999600e-01
4.500000000000002331e-01
2.300000000000000100e-01
5.000000000000004441e-02
1.699999999999999012e-01
5.999999999999994227e-02
3.000000000000000444e-01
1.300000000000000322e-01
4.499999999999999001e-01
7.700000000000000178e-01
3.000000000000001554e-01
6.499999999999999112e-01
5.200000000000002398e-01
4.900000000000002132e-01
6.199999999999998845e-01
2.790000000000000036e+00
7.399999999999998801e-01
9.399999999999999467e-01
8.200000000000001732e-01
1.449999999999999956e+00
3.800000000000000044e-01
4.500000000000001776e-01
1.640000000000000568e+00
1.799999999999998546e-01
1.199999999999998984e-01
2.599999999999998979e-01
7.500000000000000000e-01
7.500000000000000000e-01
9.200000000000000400e-01
4.700000000000001954e-01
5.799999999999999600e-01
6.999999999999999556e-01
6.299999999999998934e-01
5.200000000000000178e-01
2.400000000000000466e-01
4.100000000000000866e-01
3.900000000000000133e-01
5.499999999999999334e-01
2.400000000000001299e-01
3.999999999999998557e-01
3.499999999999998668e-01
1.000000000000000472e-01
2.900000000000000355e-01
1.299999999999999767e-01
1.799999999999999656e-01
5.499999999999998224e-01
3.900000000000001243e-01
1.700000000000000677e-01
3.900000000000000688e-01
2.299999999999999267e-01
2.600000000000000644e-01
7.000000000000000666e-02
1.000000000000000749e-01
1.500000000000001332e-01
1.600000000000000866e-01
3.999999999999999667e-01
2.399999999999999356e-01
3.499999999999999778e-01
3.899999999999999578e-01
1.900000000000000577e-01
2.600000000000000089e-01
9.700000000000001954e-01
3.800000000000000044e-01
5.000000000000003747e-02
3.800000000000000044e-01
3.799999999999998934e-01
2.700000000000000178e-01
1.400000000000000688e-01
2.700000000000000178e-01
3.199999999999999512e-01
7.999999999999993228e-02
3.499999999999998668e-01
2.900000000000000355e-01
9.000000000000002442e-02
2.200000000000000844e-01
4.200000000000000400e-01
5.000000000000004441e-02
1.800000000000000488e-01
1.100000000000000283e-01
2.900000000000000910e-01
5.400000000000000355e-01
3.099999999999999423e-01
3.200000000000000622e-01
2.899999999999999800e-01
2.600000000000000089e-01
4.500000000000001776e-01
2.000000000000001082e-02
1.000000000000000194e-01
1.800000000000000488e-01
1.500000000000000222e-01
4.000000000000000777e-02
5.099999999999998979e-01
6.700000000000001510e-01
3.100000000000001088e-01
2.000000000000000042e-02
2.699999999999998512e-01
2.299999999999999822e-01
5.000000000000004441e-02
7.999999999999996003e-02
1.199999999999998568e-01
1.899999999999999467e-01
8.000000000000007105e-02
4.999999999999998890e-02
4.099999999999999756e-01
1.499999999999999112e-01
8.000000000000007105e-02
1.400000000000000688e-01
3.900000000000000133e-01
5.000000000000003053e-02
6.000000000000005329e-02
1.199999999999999956e-01
9.000000000000002442e-02
5.999999999999990757e-02
1.900000000000000022e-01
9.000000000000005218e-02
2.899999999999999800e-01
6.999999999999996503e-02
3.000000000000001554e-01
1.400000000000000133e-01
1.200000000000000233e-01
4.000000000000000083e-02
3.600000000000000422e-01
4.599999999999999645e-01
5.999999999999999778e-02
7.000000000000001776e-01
1.800000000000001044e-01
3.100000000000000533e-01
1.299999999999999489e-01
1.200000000000000094e-01
3.199999999999998956e-01
3.400000000000000799e-01
2.099999999999999645e-01
3.100000000000000533e-01
4.699999999999999178e-01
4.000000000000001471e-02
2.899999999999999800e-01
5.000000000000001110e-01
1.899999999999999467e-01
1.999999999999999556e-01
8.999999999999996891e-02
3.400000000000000799e-01
3.300000000000000155e-01
2.700000000000000178e-01
1.799999999999999933e-01
1.200000000000000511e-01
5.300000000000000266e-01
1.800000000000000488e-01
1.800000000000000488e-01
7.000000000000006217e-02
1.800000000000000488e-01
7.999999999999998224e-01
5.999999999999999778e-01
2.499999999999999445e-01
4.100000000000000311e-01
4.700000000000001954e-01
4.600000000000001310e-01
3.500000000000002554e-01
4.000000000000001332e-01
2.100000000000001865e-01
6.300000000000003375e-01
3.900000000000000133e-01
7.099999999999999645e-01
5.600000000000000533e-01
3.599999999999998757e-01
3.900000000000002354e-01
2.300000000000001488e-01
3.200000000000000622e-01
1.000000000000000888e-02
2.500000000000000000e-01
9.000000000000001055e-02
1.200000000000001066e-01
2.699999999999999067e-01
1.100000000000000422e-01
2.300000000000000377e-01
2.500000000000001110e-01
4.300000000000001044e-01
3.199999999999999512e-01
1.500000000000000777e-01
4.200000000000001510e-01
6.100000000000000977e-01
3.300000000000001266e-01
3.900000000000002354e-01
6.399999999999999023e-01
8.899999999999996803e-01
6.000000000000001998e-01
7.000000000000002887e-01
1.110000000000000320e+00
1.440000000000000391e+00
8.200000000000002842e-01
