1.739999999999999991e+00
1.320000000000000062e+00
1.539999999999999813e+00
1.610000000000000320e+00
7.499999999999997780e-01
8.900000000000002354e-01
4.900000000000002132e-01
4.900000000000001021e-01
5.000000000000002220e-01
9.899999999999999911e-01
7.699999999999997957e-01
1.740000000000000213e+00
1.320000000000000062e+00
1.580000000000000293e+00
1.150000000000000133e+00
1.279999999999999805e+00
2.699999999999999623e-01
4.500000000000000666e-01
3.000000000000000444e-01
2.800000000000001377e-01
6.000000000000000888e-01
6.600000000000000311e-01
2.600000000000001199e-01
3.900000000000002354e-01
1.089999999999999858e+00
6.800000000000000488e-01
1.249999999999999778e+00
3.700000000000001621e-01
1.800000000000000488e-01
1.340000000000000302e+00
1.000000000000000888e-01
2.500000000000000555e-01
4.200000000000000955e-01
2.100000000000000755e-01
7.100000000000000755e-01
3.200000000000000622e-01
4.700000000000001954e-01
4.000000000000001332e-01
1.799999999999999656e-01
1.699999999999999845e-01
1.400000000000000688e-01
2.699999999999999067e-01
1.700000000000000122e-01
4.600000000000000200e-01
4.000000000000002859e-02
5.999999999999994227e-02
5.400000000000001465e-01
4.499999999999997891e-01
2.200000000000000844e-01
4.500000000000000666e-01
3.899999999999999023e-01
6.200000000000001066e-01
1.800000000000000211e-01
4.500000000000001776e-01
1.600000000000000311e-01
2.900000000000000910e-01
4.099999999999999756e-01
1.000000000000000888e-02
4.700000000000000289e-01
8.000000000000005718e-02
2.399999999999999356e-01
1.999999999999999833e-01
2.700000000000000733e-01
1.030000000000000249e+00
1.900000000000000022e-01
4.599999999999997979e-01
1.430000000000000160e+00
4.799999999999999822e-01
3.000000000000000444e-01
8.299999999999999600e-01
8.699999999999998845e-01
4.699999999999999734e-01
4.000000000000000222e-01
2.060000000000000053e+00
1.169999999999999929e+00
1.250000000000000000e+00
3.500000000000000888e-01
1.400000000000000688e-01
7.000000000000004829e-02
4.899999999999999911e-01
5.500000000000001554e-01
4.700000000000000844e-01
5.500000000000001554e-01
1.210000000000000187e+00
4.599999999999999090e-01
3.699999999999999956e-01
5.200000000000000178e-01
5.100000000000000089e-01
2.200000000000000011e-01
3.500000000000000333e-01
4.000000000000000777e-02
6.000000000000002554e-02
5.000000000000004441e-02
2.000000000000000389e-01
2.700000000000000178e-01
2.300000000000000933e-01
3.199999999999998401e-01
3.899999999999999023e-01
1.999999999999999001e-01
2.300000000000000377e-01
4.099999999999999756e-01
7.400000000000001021e-01
6.800000000000000488e-01
2.600000000000001199e-01
4.700000000000000844e-01
3.200000000000000622e-01
4.499999999999999556e-01
5.299999999999998046e-01
4.899999999999999911e-01
3.500000000000000888e-01
2.700000000000001288e-01
5.599999999999999423e-01
4.199999999999999845e-01
1.100000000000000699e-01
1.200000000000000788e-01
3.499999999999999223e-01
7.000000000000003442e-02
4.399999999999998912e-01
0.000000000000000000e+00
1.400000000000000688e-01
2.399999999999999911e-01
1.800000000000000211e-01
3.000000000000000444e-01
1.799999999999999656e-01
1.400000000000000133e-01
5.500000000000000444e-01
6.300000000000000044e-01
3.900000000000000133e-01
9.999999999999995004e-03
2.899999999999999245e-01
4.299999999999999933e-01
5.600000000000000533e-01
4.300000000000000488e-01
5.200000000000000178e-01
1.000000000000000000e+00
1.209999999999999964e+00
8.699999999999998845e-01
5.900000000000000799e-01
9.500000000000000666e-01
1.340000000000000302e+00
3.000000000000001554e-01
6.100000000000000977e-01
5.500000000000000444e-01
1.100000000000000089e+00
3.459999999999999964e+00
2.029999999999999805e+00
9.599999999999999645e-01
8.200000000000000622e-01
6.099999999999998757e-01
4.699999999999999734e-01
5.000000000000000000e-01
3.100000000000001088e-01
3.399999999999998579e-01
3.299999999999999600e-01
1.799999999999999378e-01
2.900000000000000355e-01
2.000000000000001776e-02
2.500000000000000555e-01
1.499999999999999112e-01
2.700000000000000178e-01
2.099999999999999922e-01
6.300000000000001155e-01
2.600000000000000089e-01
7.100000000000000755e-01
7.100000000000000755e-01
3.500000000000000888e-01
1.410000000000000142e+00
8.899999999999999023e-01
1.370000000000000107e+00
5.799999999999999600e-01
1.400000000000000133e-01
5.100000000000001199e-01
4.200000000000000400e-01
1.699999999999999289e-01
5.500000000000000444e-01
4.600000000000000755e-01
8.500000000000001998e-01
1.409999999999999920e+00
1.630000000000000115e+00
1.629999999999999893e+00
1.319999999999999840e+00
9.699999999999999734e-01
1.110000000000000098e+00
5.019999999999999574e+00
1.320000000000000062e+00
1.790000000000000036e+00
1.929999999999999938e+00
2.560000000000000497e+00
1.310000000000000053e+00
1.050000000000000044e+00
2.710000000000000409e+00
4.400000000000001132e-01
2.300000000000000655e-01
4.699999999999999734e-01
1.279999999999999805e+00
1.440000000000000169e+00
1.580000000000000071e+00
1.009999999999999787e+00
8.700000000000001066e-01
1.760000000000000231e+00
7.800000000000000266e-01
5.600000000000000533e-01
3.600000000000000422e-01
4.799999999999997602e-01
4.199999999999999845e-01
1.199999999999999956e+00
5.999999999999999778e-01
8.799999999999998934e-01
6.600000000000001421e-01
2.299999999999999822e-01
4.100000000000000311e-01
1.300000000000000044e-01
3.099999999999999423e-01
6.300000000000002265e-01
2.199999999999998623e-01
4.300000000000000488e-01
3.399999999999999689e-01
4.600000000000000200e-01
4.400000000000000022e-01
4.000000000000002165e-02
1.600000000000000033e-01
2.299999999999999822e-01
5.600000000000000533e-01
4.999999999999998890e-01
3.399999999999999689e-01
9.600000000000001865e-01
5.900000000000000799e-01
4.000000000000001332e-01
6.500000000000000222e-01
2.399999999999999911e+00
8.300000000000000711e-01
1.100000000000000422e-01
5.699999999999999512e-01
7.600000000000001199e-01
2.700000000000000178e-01
2.599999999999998979e-01
6.400000000000000133e-01
4.699999999999999178e-01
1.900000000000000855e-01
2.900000000000000355e-01
3.200000000000000067e-01
1.500000000000000222e-01
1.200000000000001066e-01
4.400000000000000022e-01
4.999999999999993339e-02
3.899999999999999578e-01
5.600000000000000533e-01
9.100000000000000311e-01
4.200000000000000400e-01
7.399999999999999911e-01
1.359999999999999876e+00
9.599999999999999645e-01
4.000000000000000777e-01
6.899999999999998357e-01
4.000000000000002165e-02
2.799999999999999156e-01
6.400000000000000133e-01
3.099999999999999978e-01
8.000000000000001554e-02
1.060000000000000275e+00
7.500000000000001110e-01
4.199999999999999289e-01
4.999999999999999584e-02
4.300000000000001044e-01
1.999999999999999556e-01
3.000000000000002665e-02
1.300000000000000877e-01
2.200000000000000289e-01
3.299999999999999600e-01
1.199999999999999956e-01
2.000000000000001776e-02
5.100000000000000089e-01
1.599999999999999478e-01
1.400000000000000133e-01
1.899999999999998912e-01
3.599999999999999867e-01
1.499999999999999944e-01
2.000000000000001776e-02
2.399999999999999356e-01
7.999999999999998779e-02
6.999999999999992339e-02
1.600000000000000866e-01
3.000000000000002665e-02
2.300000000000000377e-01
8.999999999999996891e-02
5.999999999999999778e-01
4.699999999999999734e-01
1.699999999999999845e-01
2.000000000000000389e-02
5.699999999999998401e-01
2.399999999999998801e-01
2.999999999999999889e-02
1.129999999999999893e+00
4.900000000000001021e-01
4.199999999999999845e-01
2.600000000000000089e-01
1.799999999999999378e-01
7.100000000000000755e-01
2.399999999999999634e-01
8.999999999999996891e-02
3.699999999999999956e-01
5.200000000000000178e-01
9.999999999999999167e-02
2.800000000000000266e-01
4.400000000000000577e-01
9.000000000000003830e-02
2.200000000000000011e-01
6.000000000000005329e-02
3.100000000000001088e-01
3.800000000000000044e-01
1.900000000000000300e-01
1.600000000000000866e-01
2.299999999999999822e-01
4.400000000000000022e-01
9.999999999999997780e-02
1.500000000000000222e-01
2.000000000000001776e-02
4.000000000000000777e-01
5.299999999999999156e-01
9.000000000000001332e-01
7.400000000000002132e-01
8.000000000000000444e-01
1.409999999999999698e+00
3.500000000000000888e-01
7.800000000000002487e-01
1.520000000000000018e+00
4.100000000000000311e-01
1.679999999999999716e+00
6.899999999999999467e-01
9.899999999999999911e-01
4.100000000000001421e-01
2.599999999999998979e-01
7.099999999999999645e-01
1.200000000000001066e-01
2.000000000000000389e-01
1.600000000000000311e-01
1.400000000000000133e-01
7.000000000000003442e-02
6.000000000000005329e-02
2.000000000000000666e-01
6.000000000000000472e-02
6.000000000000002554e-02
4.800000000000000377e-01
4.199999999999999845e-01
3.500000000000000888e-01
3.500000000000001443e-01
7.900000000000000355e-01
5.000000000000001110e-01
6.700000000000000400e-01
9.099999999999999201e-01
7.900000000000000355e-01
1.220000000000000195e+00
5.100000000000002309e-01
4.700000000000001954e-01
2.220000000000000195e+00
1.980000000000000870e+00
9.500000000000002887e-01
