5.733650425203640211e-01
8.498712613833808716e-01
8.045939132927539816e-01
1.130498653603291492e+00
1.011525182718049365e+00
1.242686543445142400e+00
1.301105791295112502e+00
1.792080992675303630e+00
1.610343943891786145e+00
2.913863653640779372e+00
1.234760121874832972e+00
2.573340405823815402e+00
1.877035925391531190e+00
1.885791139556622475e+00
8.543299505253943993e-01
1.185390448642324124e+00
4.090113172356094062e-01
4.146376405029717493e-01
1.950775278687646441e-01
1.349984148408289453e-01
3.619129340279573781e-01
8.313933382236511349e-01
8.267339641256400695e-02
2.257549885498291720e-01
5.636417633495222068e-01
3.820043343740178177e-01
1.740780088946844328e+00
1.175651244953675345e+00
5.359183243516394413e-01
1.243365120388810752e+00
5.076370355564995274e-01
1.215807985559949511e+00
3.125142305322411218e+00
8.272980171190947862e-01
1.346258728638239921e+00
5.092714934634783308e-01
4.985701032919082620e-01
6.781373173174246594e-01
6.509639583173736088e-02
1.322616416916629623e-01
9.786931364087457508e-02
4.557524370794022173e-02
2.116153728224031555e-02
7.768272432405107231e-02
1.157829420585020606e-02
2.445689213982428153e-02
5.557438413361985852e-01
6.209919172732997206e-01
6.126401567647411506e-01
6.933564052071586881e-01
1.483731581317131454e+00
7.306263874705363204e-01
2.335470008829907851e+00
2.546008735610397977e+00
0
5.965217698094256171e+00
7.559451541727390200e+00
2.375921247936365610e+00
1.599054575773581011e+00
4.633538993555787466e-01
9.163969207994419885e-02
2.413712755434382462e+00
2.656684791678069146e+00
9.386979312651106966e-01
4.508153052552823503e-01
1.603768489362000560e+00
4.692003712520273484e-01
1.603243885702748672e+00
1.064005830736353797e+00
5.620903246542834353e-01
6.351778809107964108e-01
5.214764957122903777e-01
4.111962179097646275e-01
2.762454298707784361e-01
4.435610327780379891e-01
6.569470976485241032e-01
4.642299634905487915e-01
5.050220229646342762e-01
1.623766705100266883e-01
1.581034815606164878e-01
5.420144951644348952e-01
7.159521025583924780e-01
4.295033785484613786e-01
4.876044681252868496e-01
4.434490755847037002e-01
8.014433333008693650e-01
5.254135470459360135e-01
7.317564725038633311e-01
6.729402536941851976e-01
3.053937083398559071e-01
2.321247678721927166e-01
1.308874733046066496e-01
4.022615394299027813e-01
5.736184475564647806e-02
9.744921895686703417e-02
2.076470740476152876e+00
1.520358308391406732e+00
7.923230594957407780e-01
1.426129710376054405e+00
2.515182529347019247e-01
5.297644311421441099e-01
3.566894468410579666e-01
1.269628727183485406e+00
1.446108961706830343e+00
3.807106789008669057e-01
1.507074553370669090e+00
8.463456775362607765e-01
3.341109235015228274e-01
4.196122774294832602e-01
8.239263955913528337e-02
7.175704249298002491e-02
4.731528095232473419e-01
6.948859924126166154e-02
1.352255514365761635e-01
5.396896226471941532e-02
2.939180887762850650e-02
7.117076453195503305e-02
3.850620761554812699e-02
1.239466397270239106e-01
8.792402233856057400e-05
2.186783888375951057e-02
5.333414590500133723e-02
3.697228592889823667e-02
6.899236088939102174e-02
6.346900290051697702e-02
5.957557725645890728e-02
1.000734350792968352e-01
2.241840118003265714e-01
8.454437830069576609e-01
2.117554947043976538e-02
1.316406338904314577e-01
2.934468936252770943e-01
1.424683225162607147e+00
3.791004507367063958e-01
2.976411444904432102e-01
1.032725644654491681e+00
1.451837708378421965e+00
4.118130244446126520e-01
3.364597993716403335e-01
1.098296067497724682e+00
1.000277682348949870e+00
1.804564064551739400e-01
5.417089574465003832e-01
5.397068803979981899e-01
5.043581788360166351e-01
1.073083824519202922e+00
4.467635862963226234e-01
3.067577252983624270e-01
2.088440516454869722e-01
2.466735249044552103e-01
3.184087567136123509e-01
2.161633347897045365e-01
1.362276308239762368e-01
4.365274539703771772e-01
1.134318987424320913e-01
3.342635224188607590e-01
3.020514395297194121e-01
1.887081274985467211e-02
6.630926147462808118e-02
2.963003189960092820e-01
3.124146362813937650e-01
5.832157245235036758e-01
3.030499055088499150e-01
4.218771690723090995e-01
1.200174112644160962e+00
4.757308206379419202e-01
3.073745920749229588e-01
4.718056956122882450e-01
4.316795960002667298e-01
7.958967780675393344e-01
5.135440389791294802e-01
1.138148305514784103e-01
9.061548078536793560e-02
1.341588895395146031e-01
1.171363416962212939e-01
2.331979651249001528e-01
4.868026127584135776e-01
5.426966063886611291e-01
4.274936631641829132e-01
1.164635918478927890e+00
1.079826678550416030e+00
1.351622747681089365e+00
1.536842275615827536e+00
1.336748642130735076e+00
1.459531469527283409e+00
5.203131074683422508e-01
2.442427518065492520e-01
1.449639102214390074e-01
1.309247199253068983e+00
1.059316772067988799e+00
3.271162222205531434e-01
2.075113605549108620e+00
2.850238556196333373e-01
3.524844894509118198e-01
2.038958713461678229e-01
1.363722690291495843e+00
1.217839562848091362e+00
1.335445906151268902e+00
1.002276448871355363e+00
5.376378845648440707e-01
9.666938853479488669e-01
4.974984884409041630e-01
4.260691083922185096e-01
3.614830800726290816e-01
3.694922118479194717e-01
1.340917156869738669e-01
6.450904267640547030e-01
3.856458889766129494e-01
3.095067779287272725e-01
3.139998681014470883e-01
8.154082663128447983e-02
1.618702110799229710e-01
1.991420395669424304e-02
4.125630644377589196e-01
1.290121313220015664e-01
9.882794656116074272e-02
1.245670467589642116e-01
2.245832192822042883e-01
1.383435490323117745e-01
7.652760710592841631e-02
5.276867969934440072e-02
5.176038694175347232e-02
8.526742771408571397e-02
2.853823020669311594e-01
2.347569636576966323e-01
3.981885149113605360e-01
9.515604978235980838e-01
7.343468298851674181e-01
5.115508875038222714e-01
4.256995119501695291e-01
3.435196906208788814e+00
5.285687657018571795e-01
4.285665508483357256e-01
6.830195990552629937e-01
3.770052747137567772e-01
3.871361782140722574e-01
5.010878283581616799e-01
4.752983992892508280e-01
2.900228167685268144e-01
1.785135193063649151e-01
1.185910696963690669e-01
1.859133050102507734e-01
6.835840568859632982e-02
3.706260822292006818e-02
2.884577838156205387e-01
1.841043679405691968e-02
6.223397484677589686e-02
1.556404610808024835e-01
2.983493476291551039e-01
8.822485186183721961e-02
1.879299736496277962e-01
4.012769177222945127e-01
4.121222348421952897e-01
3.332045386325477310e-01
3.456317542326413639e-01
3.163057521610509928e-03
6.220723899858495581e-02
3.702563899174610151e-01
1.070219711035508975e-01
1.318616416012855126e-02
4.976944934910292329e-01
2.039130819702549002e-01
8.289387426915025003e-02
9.096784175670075828e-03
1.964637626142926308e-01
7.553505682342800953e-02
1.569324604847511032e-02
2.115576621122239598e-01
6.354644521755305198e-02
8.162752690919740373e-02
4.183541639178542382e-02
2.645289008465616029e-02
1.667037860552458006e-01
3.497614380153199476e-02
2.573704101685390239e-02
6.402174061419600715e-02
6.856858977478867689e-02
1.940637985977625504e-02
7.029757641822806033e-03
3.527429042682374977e-02
1.067228844034870394e-02
9.207984226095887459e-03
1.036221001304193368e-01
1.976950290936383553e-02
5.938609403919727081e-02
2.753518704143760876e-01
3.044348250418347224e-01
3.887899829549860964e-02
1.172573859616297814e-01
2.751237818890578044e-02
1.811278444048649572e-01
9.776999117335485878e-02
4.203849443203416802e-02
5.064384844311533573e-01
1.433231150907159912e-01
9.488075758149842887e-02
1.027068034198454632e-01
1.264118775646812798e-01
4.670580668571031602e-01
1.591593699931435069e-01
3.941453605315493880e-02
1.250503281895376517e-01
3.118412922153345757e-01
4.584950506865782816e-02
2.429216767024131585e-01
4.607975602068574150e-01
2.213575769262365878e-01
3.123162778731707334e-01
7.318742611785024332e-02
1.463733599356296100e-01
2.363774910420295139e-01
1.602696672034252534e-01
1.041068055656195063e-01
1.093071826471588293e-01
7.640349738776543997e-01
4.474169449389155395e-01
1.434216059294031176e-01
4.423790938326013777e-02
9.825124847671700135e-01
1.163136112761876007e+00
1.748228012305172330e+00
8.114615005641805379e-01
9.226163671915055264e-01
7.257631913755530073e-01
2.177750607374550340e-01
4.405954749024985628e-01
1.178337547443588429e+00
1.864706079375578196e-01
1.122488743347433093e+00
4.471343962709574682e-01
1.309551477769659744e+00
1.096084109075542656e+00
5.573866422393045639e-01
1.076768880674992435e+00
3.527738879786681547e-01
3.615251102717220721e-01
1.836482093672074656e-02
1.745738584835729190e+00
4.138526180438308333e-01
4.426572066927640658e-02
6.038970759336768079e-01
2.273507524043936634e+00
6.840385258744069441e-02
2.181143824675278176e-01
1.367108821799856377e+00
5.714849283412497538e-01
1.689463063834413248e-01
3.197798359522540101e-01
3.218466602119557374e-01
3.642557817425041700e-01
5.675263281682489946e-01
7.469036178148776850e-01
6.384384176919177811e-01
3.362166666822327121e-01
2.023391695601359508e-01
7.876852184830730463e-01
8.006712388850411033e-01
2.799394126245955960e-01
