6.794431565124293693e-01
1.009483364352124823e+00
1.071216530130553846e+00
1.401071968629918674e+00
1.167604006479057155e+00
1.410629476269596561e+00
5.456934077390036553e-01
4.509198037734555853e-01
5.020891623221945821e-01
1.483823960915771956e+00
6.865047493453253491e-01
1.712743593770538864e+00
1.155148208784496644e+00
1.426241676118985113e+00
9.177677975832045920e-01
1.541127416802819061e+00
6.337874270749630501e-01
4.955677531802709090e-01
2.900608777554398721e-01
2.234566714483284533e-01
6.116600581083545540e-01
9.219660155414238778e-01
1.452253623497938850e-01
4.175786538261005432e-01
1.093434687808615413e+00
6.380224377550290926e-01
2.212829935167345941e+00
6.432076835527885672e-01
3.489399104369590443e-01
1.661141151525838300e+00
3.670136694790279708e-01
1.154206288985618389e+00
3.727921609406670722e+00
9.265310717519328332e-01
7.874221653781980912e-01
4.353591021752896695e-01
6.077037738921851062e-01
3.467287384086755742e-01
1.022156898143217335e-01
1.590123719908619337e-01
7.836037955136164468e-02
7.373641273420350473e-02
9.525744839419594823e-02
2.306335465758755920e-01
1.626485040235960827e-02
6.393255527107202796e-02
5.738375455248957424e-01
4.789909558582198246e-01
1.594593334775665505e-01
3.818600968750389679e-01
8.796000361009521651e-01
9.841283815778958388e-01
2.478890638056656215e+00
2.840142448193065050e+00
0
6.039709631155759872e+00
7.257627923348527688e+00
2.105580036254728782e+00
1.919855947058656032e+00
5.026797680673235069e-01
1.770237535693977571e-01
2.566109426472900079e+00
2.951921860162144640e+00
7.030738092184352084e-01
7.325901887774085575e-01
1.710177195890774993e+00
4.960077808740790961e-01
1.427760533859748104e+00
7.325549781031820418e-01
7.084313499057224295e-01
8.221894285377651101e-01
2.494603000754368471e-01
3.751442197723118266e-01
3.815257664422736505e-01
5.175167626483356820e-01
2.848970339628387194e-01
3.820017706458168072e-01
1.726970288642900586e-01
6.784914298376820696e-02
6.171445427369868370e-02
3.214167620517067170e-01
1.644696445781121397e-01
1.661704281894000046e-01
3.619014737221375455e-01
5.946897114251281646e-01
7.777500687133096502e-01
5.472579055189131791e-01
8.234487931846954378e-01
8.242226789938862375e-01
3.185742499758547064e-01
3.482986618163688708e-01
1.270389595030043950e-01
4.810323401506134688e-01
9.823265652198288900e-02
1.093086133389184755e-01
2.048055766102801378e+00
1.608451389450482605e+00
1.175562150990713040e+00
1.473865780487252142e+00
3.379246409435220366e-01
4.849829649484494465e-01
3.772187825820323415e-01
4.529684056027151740e-01
5.463971465132292371e-01
2.984281139416945505e-01
3.280846014055802118e-01
8.885967813323003561e-01
1.344704332464157492e-01
1.308576077754908251e-01
3.841691588074946928e-02
3.126768545927530868e-02
2.077640196236483217e-01
5.546774951561962708e-02
1.190007593174674111e-01
4.685844645205807651e-02
2.169529723086627976e-02
7.128462909436444894e-02
3.474517840818285019e-02
8.022394974336929940e-02
3.104567404532124404e-04
1.091977441800932869e-02
2.642066601993926789e-02
3.590002362256680679e-02
4.823479002436076996e-02
3.076803509196029962e-02
8.886201134058663298e-02
4.661404186952457923e-02
1.659467217852308163e-01
2.213848523335925633e-01
1.103393674735279363e-02
7.242551876896644036e-02
1.777695158414035193e-01
2.444215400572470331e-01
1.695488841061451035e-01
2.568254296609856491e-01
3.870181557611348522e-01
3.561417512358325821e-01
2.160248501186684267e-01
3.660461161750683812e-01
2.794845724580022894e-01
3.851606518655439348e-01
7.509498947008924619e-02
3.234676125166128791e-01
4.371254108107709424e-01
4.461709583686071512e-01
9.578975147606910712e-01
4.914780464986494568e-01
3.048219436988129916e-01
1.768477247294656940e-01
1.925860372401707599e-01
1.188316964668861830e-01
2.785724847584056252e-01
8.189879349436102185e-02
6.846772501517141285e-02
9.057034295446206307e-02
3.062584844354467872e-01
2.041882092100920087e-01
1.372474461132994726e-02
5.680282646142347652e-02
1.042265216764697716e-01
1.331100382431152640e-01
3.418568082497833172e-01
2.450879909665502066e-01
2.045057774847721943e-01
8.163046213127492789e-01
3.732148004767515959e-01
2.325321606276266329e-01
5.061854015954562191e-01
3.333432852420403769e-01
8.394901054185869294e-01
3.514518338064463454e-01
8.962835651821446370e-02
1.186107711075637949e-01
1.155618183931952370e-01
9.400329828007381039e-02
2.198634431717889082e-01
3.815801284581023523e-01
4.441780209922450706e-01
4.204017280340839324e-01
1.074360925045653614e+00
9.625104145564368219e-01
1.308951944346441465e+00
1.421042181178598707e+00
1.174581575408186307e+00
1.234828231393798381e+00
5.425625227773452908e-01
2.556168737237437538e-01
1.166041605750119392e-01
1.171453451281726954e+00
9.243081881367892771e-01
2.787672936931823164e-01
1.894097596802199579e+00
2.565013770649379743e-01
3.060876608928360110e-01
1.635279268679436793e-01
1.204247519010197998e+00
1.122468959693351698e+00
1.161810393313493783e+00
8.728211093349118599e-01
4.915486471641274391e-01
8.378167704629537749e-01
3.952858897109763903e-01
4.417779761076822131e-01
2.957831509405883796e-01
2.948584166199172407e-01
1.220659446987963082e-01
4.627594974843307063e-01
3.576060823140321254e-01
3.324732968896818575e-01
2.893076586473071754e-01
7.236577957414941364e-02
1.081463008076378185e-01
2.134802485145627024e-02
3.405800319683169874e-01
1.296118516892710570e-01
8.392540411120991140e-02
1.103039878937342594e-01
2.046905354333434512e-01
7.075742540990813401e-02
6.819806758191347684e-02
3.863432914931747703e-02
4.224837187299792379e-02
8.119252821709055379e-02
2.807548506760076390e-01
2.238801006677553773e-01
3.653900089827918363e-01
8.308192811062020677e-01
6.473469236249568270e-01
4.527488596743007854e-01
3.851084818797573250e-01
3.028206166714761949e+00
4.681380451290588218e-01
3.695534662387569003e-01
6.459685010146202222e-01
3.018078104939060924e-01
3.315982056741897388e-01
4.433558097090261607e-01
3.717834383042730173e-01
2.475871756180031136e-01
1.538475046246763067e-01
9.435139169016054650e-02
1.676938961531492245e-01
5.909247748427063490e-02
3.496387003806662036e-02
2.332785660390139515e-01
1.770313741333518973e-02
5.452365439998683311e-02
1.123678441744845047e-01
2.188862665628004689e-01
7.618235719058458200e-02
1.517855754015649261e-01
3.141947135370764532e-01
3.157703196060253625e-01
2.675102308605153967e-01
3.498929748411758189e-01
2.547744432244439250e-03
6.390856402345376774e-02
3.267889012131650617e-01
8.635250917950944294e-02
1.234069555382468451e-02
4.417013829904725686e-01
1.650004681909853221e-01
7.141650559169449020e-02
8.817531952665890599e-03
1.748900530797244390e-01
7.205343600618205335e-02
1.333460253755257459e-02
1.829934750075749017e-01
5.270501468273202511e-02
6.967002725931768781e-02
3.725446637991355892e-02
2.541796713084403664e-02
1.451655825137826428e-01
3.403076040143376141e-02
2.447873500098188271e-02
5.470097389631171925e-02
5.886574442296812343e-02
1.728254120029137919e-02
2.869824163936880116e-03
1.478067836872122565e-02
8.546128780663696939e-03
9.316750459357557579e-03
4.002747753565511629e-02
1.064465650531095514e-02
4.944540937152753363e-02
8.721559465152688151e-02
1.336127347607117266e-01
3.080847480843867947e-02
4.512689111416376408e-02
1.164058261985962892e-02
1.314292632890395884e-01
7.811779963660804571e-02
3.824876560463989772e-02
4.173862453749866419e-01
1.078761303702800434e-01
7.123002875707273862e-02
8.104157433301113767e-02
1.051012937112300594e-01
4.124195119540418619e-01
7.884526534682738397e-02
3.568692860350580059e-02
9.724347947044655049e-02
9.178549942860431132e-02
1.508629685016201795e-02
1.322980567053342327e-01
1.966866746616553197e-01
7.572361910054957457e-02
7.150025552538792628e-02
1.239170792540643037e-02
5.988481063236095192e-02
1.435405045860510542e-01
3.305169152332340654e-02
2.529720661729309428e-02
1.766914938475867489e-02
2.581491675940612018e-01
1.126963615597146307e-01
7.536325320473351297e-02
1.268760809971654704e-02
1.336229349891656648e-01
3.397130947606709639e-01
3.724352521123754367e-01
2.414788316782952859e-01
2.384112481912507020e-01
1.851056202439480547e-01
1.062480617794711729e-01
1.632056183641516778e-01
4.220504921771315310e-01
1.746316279955624773e-01
6.578704026683753758e-01
5.428041888868599951e-01
8.830022352608895009e-01
1.127425293053696098e+00
5.624960265310928742e-01
1.042206668546552528e+00
2.550765022706882323e-01
4.830348776727257931e-01
2.822896969140747947e-02
1.603523045409580794e+00
3.649667491345749415e-01
5.284304277351426632e-02
6.026271404805461085e-01
2.313325279856870420e+00
1.266955346063392551e-01
1.624913076883389429e-01
1.414919563731397600e+00
6.228260821346285336e-01
1.844914495630461115e-01
2.332421257954646610e-01
3.277650725691074740e-01
7.330799966688722469e-01
7.723394094843591962e-01
5.715322869479897427e-01
1.044640861109866536e+00
6.726463096191171998e-01
5.889386917652459363e-01
1.881319205585962884e+00
1.427091852295703234e+00
5.162863258492627061e-01
