8.710716772149186271e-01
1.132832162910687890e+00
1.227718158113344282e+00
1.913030499432225806e+00
2.018240305360650133e+00
2.312930566444606928e+00
7.185430258835258099e-01
3.487559436860818152e-01
5.225676454532436344e-01
1.562083594699964273e+00
4.494500546238858196e-01
9.210357768880392815e-01
1.779777973132869340e+00
1.968462801298195508e+00
1.327796965732301659e+00
2.252513137269816834e+00
6.283252375937149470e-01
8.181955370752076462e-01
2.824263107996852207e-01
2.104921340073199754e-01
1.093138338616184368e+00
1.168162983095118346e+00
3.096888288975384040e-01
3.013158533864725985e-01
1.541793284247249041e+00
6.984776599715970535e-01
3.025788680904684558e+00
1.098955192581814178e+00
3.092000598561326363e-01
1.179986592200074069e+00
6.516396168915343512e-02
9.236228671297272430e-02
2.221719072186457700e-01
1.495433609222306948e-01
9.341989418273206613e-01
3.546411452735404035e-01
9.726271915796262935e-01
4.909749861547378913e-01
1.310103814148675105e-01
4.046049724641164747e-01
2.061366728540683646e-01
3.973512991643385339e-01
3.849511694167110504e-02
1.126453674636442304e-01
2.101333658284067901e-02
2.400265236839381824e-02
4.048203888976738551e-01
7.077637431130288093e-01
4.537245135259546647e-01
6.092947273965688693e-01
6.258889299219858593e-01
4.838877881259495140e-01
1.701544791866558548e-01
2.448081301890231154e-01
9.072723745205910073e-02
1.081400209283107511e-01
1.349743997413263008e-01
3.181861459093763417e-02
3.843265769196661519e-01
2.458149153697238715e-02
6.880473771539466488e-02
4.259763446968999057e-02
7.179019894157702142e-01
4.743258413541444618e-01
6.770852129787582885e-02
3.268362769032954751e-01
1.535512891350433673e+00
2.336204208248462422e-01
1.890718996334266877e-01
6.832443762057953673e-01
4.755714631757016475e-01
4.189189318712686072e-01
2.867753127666713420e-01
6.506255792081088174e-01
6.835665651675780774e-01
4.632901815234327092e-01
4.338662291133638105e-01
1.565372842694260913e-01
4.977706041773841128e-02
5.101410439096782934e-01
5.487921319021789035e-01
2.876325476009101156e-01
4.481673126015249808e-01
5.113710769381208943e-01
7.927526846937451577e-01
4.081197192823610154e-01
7.148516302344817275e-01
4.644027295269209654e-01
1.605293640721241477e-01
2.039447656070937365e-01
2.665719126080529772e-02
4.794535937472212822e-02
4.705155698902974137e-02
3.283831070056921625e-02
9.071128678221568320e-02
1.422054838440300339e-01
2.677496860968853198e-01
4.121542637447433433e-01
3.985183846764830951e-01
2.857997818473655416e-01
3.002411824736030410e-01
1.062218044539714468e+00
9.278593003241230042e-01
3.787773360411338941e-01
1.154166732470696566e+00
6.273558397337957171e-01
2.266297096637548969e-01
2.281347524579019903e-01
9.296065429486591314e-02
1.084173157018721578e-01
2.860651275916878400e-01
3.963217931949023637e-02
1.120022948280969405e-01
5.867679706105968784e-02
2.596517925395474755e-02
5.598971944571833753e-02
2.228521905841444883e-02
1.341775996483191014e-01
3.320478468707658160e-04
3.675440647024787871e-02
6.960866582527930335e-02
5.227223808914672337e-02
3.799441249847489849e-02
7.220250089526036863e-02
7.129714581613426361e-02
8.335906403123702346e-02
1.419435419716311431e-01
8.566781139501115083e-01
9.396544994823870581e-03
8.622428106118426583e-02
1.243489801380101428e-01
1.427049743585882435e+00
1.854171954558210822e-01
2.574672784555622762e-01
1.025098840933038602e+00
1.393765314438768943e+00
3.357587591357053536e-01
7.940371239949389759e-01
1.246030880481900693e+00
9.007386897835192308e-01
1.473216986142764640e-01
4.866202929009852407e-01
3.401409700129830460e-01
5.043675951607409225e-01
9.002869375229451965e-01
4.369551967990485952e-01
3.232246968870972625e-01
2.449508582219726005e-01
3.054950521537718178e-01
1.710122194264380169e-01
2.494087996914932936e-01
1.789734632654215452e-01
3.147226105512639371e-01
7.258694043355928827e-02
2.887067857890283640e-01
2.199470321790784333e-01
2.290798367704936431e-02
5.939311294667050378e-02
2.104680588122573304e-01
2.537786841920330883e-01
3.119920122859781708e-01
2.194331043902909839e-01
2.284907918723529940e-01
5.239087796797985419e-01
5.155457109290493278e-01
5.271368231520823233e-02
6.007459870730880169e-01
3.361524612778563625e-01
6.218829091448228041e-01
3.315851005149719199e-01
6.122398875357299569e-02
4.272399350938470980e-02
1.193921081187168387e-01
3.882562266124700567e-02
1.842982757773339031e-01
1.893593117926570812e-01
3.928321424159785802e-01
4.320506532462174420e-01
9.828418929008435612e-01
8.362525091903079133e-01
1.204182723654413367e+00
1.312263056936426864e+00
1.084236516047506482e+00
1.580907576900014044e+00
7.684617398383630782e-01
2.712730621041833934e-01
2.275918652658461272e-01
1.395137644903697183e+00
1.071352409974162034e+00
3.920041131754848918e-01
1.890947073768417308e+00
3.052276898920345816e-01
3.033363268878208618e-01
9.494784751063325978e-02
1.168133791442308445e+00
1.070195157282741061e+00
1.078593568340824538e+00
6.851835819458997889e-01
4.569157191956279562e-01
6.604706203373027495e-01
2.539944695899582494e-01
2.889959165621462933e-01
1.751473855318433082e-01
2.738081919008036325e-01
5.734338939069165419e-02
4.920312469722453730e-01
4.568435184678553140e-01
1.977257946807955413e-01
2.180684994443554958e-01
1.186209440818832839e-01
9.426004732501030992e-02
1.632664803392094507e-02
3.104566448584351601e-01
2.491879148954446732e-01
4.234546822757090379e-02
1.056280067337470596e-01
2.615902359468330607e-01
1.214236171678039627e-01
5.371850291435714686e-02
4.342880122463819992e-02
3.122841951841124480e-02
8.109280852425064523e-02
3.634680967362487469e-01
2.105536394723393490e-01
3.379184994170980616e-01
9.613614173986448908e-01
7.492605157545527694e-01
4.414814011137151439e-01
4.414014600923100717e-01
3.005393309022922566e+00
4.450413420943706289e-01
3.680260526673931332e-01
7.120771623953126017e-01
3.723368134312608491e-01
3.267314434502995857e-01
4.467565429937110921e-01
2.794546467887948915e-01
2.557640877826563575e-01
1.594209671299628428e-01
6.894436242599712161e-02
1.645501105614519954e-01
6.468016397890105629e-02
3.360968861252575102e-02
2.167633196945582263e-01
2.503138610500785580e-02
3.321487616264743453e-02
5.657106676709963700e-02
1.190234717053644392e-01
6.024305041815637002e-02
1.262414846112207278e-01
1.980070512801753169e-01
2.221772039371218699e-01
2.414950416157999047e-01
3.652037614342166227e-01
2.156034909659688102e-03
3.888155140663512171e-02
2.893563834603828377e-01
8.093277592060400816e-02
9.960467152774448232e-03
4.094605305196152845e-01
1.644541985247383320e-01
4.445283289942236760e-02
8.156040728806048315e-03
1.711267396805362107e-01
7.292695340667347537e-02
1.277723076851108343e-02
1.924001403426486012e-01
5.975274435725402844e-02
6.826341574924316147e-02
2.938014728926472557e-02
2.525121986803038204e-02
1.173598363982624182e-01
2.125011023538920032e-02
2.248261594895570661e-02
3.888634170579510080e-02
6.022558849272341419e-02
1.915466221909550848e-02
1.167519224825209687e-02
2.198607090164227812e-02
1.732315516541127476e-02
4.675992178501398901e-03
7.544107030984811835e-02
1.158771979923154012e-02
2.680950189876493348e-02
1.546847534808656333e-01
2.171062391702024974e-01
3.832193260489092507e-02
6.363458273777546081e-02
1.703978626863259654e-02
1.432085020561628397e-01
7.690348703433586008e-02
2.665492215368106196e-02
3.665467569789653823e-01
7.629784500452396756e-02
5.100480067116223287e-02
4.911585727368120158e-02
7.387457408990154295e-02
3.772781434533755696e-01
8.881396952043330018e-02
1.509085487096465394e-01
1.140252710049637352e-01
3.174493674405144406e-01
3.307712867480819968e-02
1.905741350877633578e-01
4.501519385617033242e-01
1.801068908863939499e-01
1.510113412541683187e-01
4.782223302524958586e-02
8.480836171023717340e-02
2.335526361131844975e-01
8.197116319399842810e-02
7.749338789775764291e-02
1.059776181249504762e-01
6.301457236961716113e-01
4.242890539264004834e-01
7.923679843408186485e-02
3.745232855579463255e-02
1.045170440919987120e+00
9.965344162585700882e-01
1.654586941535250766e+00
6.781291110931909616e-01
7.951919150864040775e-01
8.222925287487390378e-01
3.148097143861339209e-01
3.166985974755338606e-01
9.784919124417009728e-01
1.654305678705403349e-01
8.293585917531596241e-01
3.257084276952567636e-01
1.001010803208644884e+00
1.238285310737232470e+00
5.329699141991680600e-01
1.112255213402338239e+00
3.690188569695239673e-01
3.543957065939036810e-01
3.513742436802855945e-02
7.485872432286871936e-02
1.035622093893655976e-02
3.956113863475019948e-02
4.351135403909086041e-01
1.969193352810913802e-02
6.155237178761773648e-02
1.304906447542599768e-01
1.658424023976767803e-01
1.936234675536720462e-01
1.763978284037278355e-01
3.869596804836695214e-01
2.580596023597945821e-01
4.984926283696828886e-01
7.505216405659684842e-01
6.936940472898438514e-01
1.090721710468945282e+00
4.001999378978409183e-01
4.247499645756553366e-01
1.522124241061217909e+00
1.005844912858595119e+00
4.443900754900438343e-01
