8.588313673973221318e-01
8.191611450801510319e-01
8.330604596150563701e-01
7.395387003453924857e-01
9.608168649832202757e-01
8.898888402129320196e-01
4.822079131908134086e-01
4.308748217268031366e-01
3.537541010587327284e-01
5.566391872484458547e-01
3.921761578786389646e-01
8.246941895814963175e-01
8.197117430048914688e-01
1.047056635449489015e+00
6.977941283467297140e-01
7.432713860617286006e-01
4.638088670763074739e-01
3.401128835697653785e-01
2.105144703091786085e-01
2.010831320416999191e-01
6.092504433502841099e-01
5.803527883882296790e-01
2.041786985035463631e-01
3.918765401449803565e-01
9.444636039640391667e-01
3.701944580018954323e-01
9.212682708425887768e-01
5.863812186222004952e-01
6.090673784758524750e-02
3.689929208985781028e-01
1.320573066424822473e-01
1.858300461032279804e-01
3.192192626323419602e-01
2.267280393440389008e-01
6.906398961948730930e-01
4.857264817344692509e-01
4.651183408517709506e-01
3.071526367888525177e-01
2.497381052449075267e-01
2.689480486762424460e-01
1.036461643865864701e-01
3.327842987613374159e-01
1.137771117641329377e-01
9.919187962355410781e-02
1.210470044261382494e-01
6.027995856287352017e-02
3.885464619368287909e-01
3.748241161902713947e-01
4.716967944162500093e-01
6.131316940774080848e-01
6.136281005788055687e-01
3.536384405485842319e-01
3.641513154947588204e-01
2.396986260947305547e-01
2.181311836930221459e-01
4.147874139804768046e-01
3.657812477520442362e-01
8.388067613289175439e-02
4.695446680117836280e-01
1.819964121499084708e-02
2.700317553121747705e-01
1.172605734609985656e-01
5.660782493539270321e-01
4.347967331814839298e-01
1.583793869437214452e-01
5.082484395661750476e-01
1.660564289429134366e+00
3.122737545810065907e-01
4.445852321405788787e-01
8.213938251479768748e-01
6.638713569318853702e-01
7.628703739165477726e-01
3.419356784659425830e-01
9.987667075845082509e-01
1.037756405368163826e+00
6.869044335381538913e-01
4.579377464598984315e-01
1.712995799802241315e-01
4.438145493767653438e-02
7.617094651518723225e-01
7.151895753141223055e-01
3.395984132605866512e-01
5.560925154525528935e-01
5.976260325848499200e-01
6.394093483308498360e-01
5.708710564065627713e-01
4.892373264401223554e-01
5.069088058415406328e-01
2.859473019763807411e-01
3.190702514470143414e-01
6.492768055903005986e-02
2.066244749752803311e-01
9.675542235282655334e-02
1.937409841485714379e-01
5.228473632111471092e-01
2.440614426303938378e-01
3.683305885925373668e-01
5.350262980301693228e-01
2.325991599604483595e-01
3.346794773083306973e-01
3.810650682339190021e-01
8.509210039462112851e-01
7.163000903646091766e-01
1.011686326026780824e-01
5.685787918432360089e-01
4.842060815123335193e-01
2.756048535579296299e-01
4.224227657663339186e-01
2.997791797580884321e-01
1.472244458454374794e-01
2.540433788226125200e-01
3.472972756707926045e-01
3.960371748407460202e-01
5.739152083854492242e-02
7.143052735777036255e-02
2.232445776471734256e-01
1.324725848862894073e-01
3.503468207218380925e-01
0.000000000000000000e+00
1.240433788226125988e-01
8.649352759773409893e-02
1.043814549376767264e-01
1.802525755540853591e-01
2.467554223528269919e-01
2.100991920653715594e-01
3.885962810567842318e-01
3.506267792847116427e-01
5.333749504304873268e-01
5.532489499505617581e-02
2.581405028940289004e-01
3.529338845408967473e-01
8.600087446067743446e-01
2.459155466642057863e-01
2.933985357301202024e-01
8.982254288607741666e-01
1.431930731568322734e+00
3.328824700579374185e-01
7.173827762317699364e-01
1.267914735754497757e+00
8.839201552830687758e-01
2.168683059225919307e-01
9.239749213006437367e-01
6.343945718478378737e-01
4.191436558666025158e-01
7.381678859028157902e-01
5.227301073379950758e-01
3.970490724200938515e-01
3.410958027773219881e-01
3.223011375897944508e-01
9.827582257496249307e-02
2.235705576208478207e-01
3.054284593638151302e-01
4.430588642520520426e-01
3.943145927787120586e-01
2.319767529791239014e-01
2.750860109453637792e-01
4.182774179379659951e-02
2.438669846284977072e-01
1.640971240714163004e-01
3.513088991812310380e-01
3.936237282754180833e-01
4.194811573874340782e-01
2.368770505293663065e-01
4.708174395774525345e-01
8.459478765706132108e-01
1.490702514470142737e-01
5.452393944340780951e-01
4.410601213362995154e-01
7.789847508860363590e-01
4.786954731221562676e-01
2.358256737998409847e-01
1.189486232704748681e-01
2.428336717067536288e-01
1.194936997033632479e-02
1.126215960716164255e-01
2.678879273399432659e-01
2.416874752152439743e-01
2.421662640833999458e-01
5.216507730054493752e-01
5.575322335916372829e-01
7.148142223950321172e-01
5.087760267855147012e-01
3.851128193599190341e-01
9.461330153715016289e-01
5.384111422558955917e-01
1.918047310883961021e-01
3.118277417937966312e-01
7.039529313640155994e-01
6.298876910244668448e-01
3.507215990466963640e-01
1.044169379302539724e+00
2.024731594805218582e-01
2.542959543766988295e-01
2.271028176688973665e-01
9.007269921188549855e-01
8.508661095089431470e-01
8.801851388008889998e-01
7.079826186822348877e-01
3.436822920021483929e-01
3.742471560255147267e-01
1.561100046661016427e-01
5.282040135183777574e-01
2.337316649475646158e-01
5.845534768284041949e-01
2.468228591060239729e-01
6.960782493539265925e-01
5.020578812367142429e-01
4.235836745310093132e-01
4.164113785713718374e-01
8.378643096513953281e-02
2.303972144360257601e-01
7.649352759773409005e-02
2.696027855639739346e-01
2.087722290763599498e-01
3.730598850208235451e-01
3.314573357723259450e-01
2.533979611358881390e-01
3.212809415782107991e-01
4.064568253879398685e-01
1.106722261012803854e-01
1.337453564519585913e-01
1.738987399406727863e-01
2.028610547155409449e-01
3.260245041051236248e-01
2.882801948783494939e-01
3.402662670584796212e-01
3.249320528624171089e-01
3.314168358533770009e-01
3.361373876748892098e-01
1.249110176771730751e+00
3.343140181844798109e-01
2.127662349535565101e-01
6.818408587039583857e-01
4.306547368877314264e-01
3.532807052627353062e-01
1.981311836930221559e-01
3.093726461210556389e-01
3.449320528624172932e-01
2.966064111674993065e-01
1.470216894113060835e-01
4.390883152547950252e-01
9.622726053925419187e-02
1.363899632289751751e-01
2.531678216929698078e-01
3.156584703870397857e-02
1.665927196631055707e-01
1.889299848684612704e-01
2.749901704146078263e-01
3.066469110864482039e-01
1.811325049871159720e-01
3.312404416592623635e-01
4.846657858039374878e-01
2.764387615801591203e-01
3.540521234293874664e-01
5.324894995056052467e-03
1.181996412149908665e-01
2.020803173478826209e-01
2.542505075601300124e-01
5.116426029929077579e-02
3.923279460043489486e-01
4.916694114074632305e-01
2.658437376076215886e-01
2.713894528445880833e-02
2.282851417759687584e-01
1.007988011754394064e-01
8.507231944097000398e-02
1.884248337602893175e-01
1.999863084956062520e-01
1.650810640477439195e-01
1.817011667196373192e-01
7.196306147473008341e-02
6.501708727022629253e-01
1.498690526224534247e-01
8.196306147472998127e-02
2.136735473953740860e-01
3.574320207574936403e-01
6.755422352826562227e-02
1.044088379464641753e-01
1.422200093322031067e-01
5.964386007715538618e-02
3.352453621004679307e-02
1.594083275620783724e-01
1.549457443668110779e-01
4.311231857861093086e-01
2.736281005788055998e-01
4.213406544934057418e-01
6.327711818511764230e-01
8.026626705847983434e-02
1.150766917443571957e-01
2.104563527569882631e-01
2.432259392451605884e-01
1.519630614747298214e-01
4.214212081567643708e-01
1.670036256035256628e-01
1.100718090565843132e-01
4.412887938359051632e-02
1.730906195642266110e-01
3.108491948896273116e-01
1.113088991812307693e-01
1.191250174645893667e-01
1.920134551889176588e-01
2.676353517858567344e-01
2.169679441625027572e-02
2.622299031274417658e-01
2.782670779681882811e-01
8.077141816665177332e-02
3.914485911655515848e-01
8.687705052936636752e-02
2.233892165291139487e-01
2.845802852429596963e-01
2.703922675384066165e-01
1.141743262001591319e-01
2.175312128228655828e-01
5.497649136594621178e-01
1.844132102498512726e-01
1.233525143193193591e-01
1.610563236271448512e-02
8.011910687138456000e-01
6.500575429579584785e-01
1.362219434737971024e+00
7.220573066424823550e-01
9.190746237504012761e-01
1.064998915021381887e+00
2.644312740576321707e-01
3.758623760096351241e-01
1.226466144588945539e+00
1.875679150326595990e-01
7.167318370531936544e-01
4.910103022163441189e-01
1.142034870531314361e+00
1.245852482214396151e+00
7.680002363154757594e-01
1.059458146682033863e+00
3.126084791614550662e-01
3.800531706545707822e-01
3.858316414662321669e-02
2.902706393618666447e-01
1.131273217740203785e-01
4.339358883250059307e-02
5.822473923409905439e-01
1.215477832309228567e-01
2.162546435480416918e-01
2.667724653918360223e-01
4.064343892767718902e-01
3.612634523646625628e-01
2.758437376076219860e-01
4.432670137583415437e-01
2.398504142204402889e-01
6.074589575917419548e-01
8.544356463610193186e-01
5.252931396828816046e-01
1.166872103631746649e+00
6.520304982279273576e-01
5.512053348124721364e-01
1.742413446565327373e+00
1.686746103151819831e+00
1.118259354130185512e+00
