6.380534069700470878e-01
5.685815687836193177e-01
7.988877611668155909e-01
1.127352648671514412e+00
9.151014586213693791e-01
1.342582277730046458e+00
1.192320957569185991e+00
1.808158727510417396e+00
9.408098765480576997e-01
2.237796619921180064e+00
1.049139890546361809e+00
3.252085457443022687e+00
1.805085597159738597e+00
1.701832274905791031e+00
1.137086381613034325e+00
1.253909112299365303e+00
3.103331292174446587e-01
3.603375015208316601e-01
2.091601243113796749e-01
1.530862472608395808e-01
3.714069420581380121e-01
6.141771031405424131e-01
1.697287860439007923e-01
5.509462169977623613e-01
1.056716550185796022e+00
4.375395112551004884e-01
1.688032598610796464e+00
3.865423259489180197e-01
1.599950531023804912e-01
9.661933352698434119e-01
1.998460419170532965e-01
4.124989471263050822e-01
6.881345352276372340e-01
2.834604509914653847e-01
1.520212682618284239e+00
2.668179122084042287e-01
5.349715320125943974e-01
2.425219578317054647e-01
3.853780656496270107e-01
2.297150945395072530e-01
1.035015255046467936e-01
1.092460710468966673e-01
5.233289290196865839e-02
2.183974507515019092e-01
2.895299557386166178e-02
1.146477219961564570e-01
4.953687464486205561e-01
3.129098530667252520e-01
2.725624577506541857e-01
5.076792032394215060e-01
2.269669233937314790e-01
6.098450211482813188e-01
2.642411883591237465e-01
5.026025114950638528e-01
2.452701289774811555e-01
4.057615885812594358e-01
3.288845380518929939e-01
8.036983142723855278e-02
3.773049995087955355e-01
1.167280393440390807e-01
2.302115010409045703e-01
1.343633911298957595e-01
6.610136537509597732e-01
3.230632365554396146e-01
2.413576975324148721e-01
4.041776777347750316e-01
7.953002889266520548e-01
3.835459515524435314e-01
4.555945135881512842e-01
3.909511638953821477e-01
4.149989150213819755e-01
5.639245275864561702e-01
5.222414246745996635e-01
9.141086456185734122e-01
7.715007410513516906e-01
8.419833276286616819e-01
1.055818428525293062e-01
1.093228270011004227e-01
1.864480807811657037e-01
5.771510414258487209e-01
3.497644674849229585e-01
3.360415471441329238e-01
5.349715320125941753e-01
5.778956511779453908e-01
4.813029315148397158e-01
3.992724332869125314e-01
3.598410950194339541e-01
3.909511638953819257e-01
3.143223166167142812e-01
1.943496996255019982e-01
4.492768055903006291e-02
7.853771733005492084e-02
3.103331292174442771e-02
1.042461352567430471e-01
3.832977483017442899e-01
1.896926584283390727e-01
2.322918183887876242e-01
4.724084996677073711e-01
1.968496675205788360e-01
3.666552095186829674e-01
2.885371427358225938e-01
2.559199189675933628e-01
3.665784535644797115e-01
2.781355559964094337e-01
3.543447527278825171e-01
4.379591618022943278e-01
2.381131198852412534e-01
5.665012514357368190e-01
2.485147066246546910e-01
1.709698022973957510e-01
2.352881927852615296e-01
2.758070353978279154e-01
3.434467594870717067e-01
8.453046612300386953e-02
1.921926263234138843e-02
6.531120349066227293e-02
1.525898407594419581e-01
4.365466982523049100e-01
0.000000000000000000e+00
7.088430173641734056e-02
1.273778293341510659e-01
1.521701902122477024e-01
1.933568866227066696e-01
1.375312128228655117e-01
1.341151878791970731e-01
2.959423550787612101e-01
2.751391815999347790e-01
3.654141932651885361e-01
5.441321024985119881e-02
3.664070062679845030e-01
4.397912758994777516e-01
3.339612297962502030e-01
2.466825925274709896e-01
6.630172151446386275e-01
5.541907946449358136e-01
6.100164684447777486e-01
5.996148817053637003e-01
5.624532434703555239e-02
2.843765080400573186e-01
5.481980458519863930e-01
3.316327091976685182e-01
2.906174600837054256e-01
5.634281210850580202e-01
8.145195515589936930e-01
7.967127524766417501e-01
3.916190176932752287e-01
8.221729671526305516e-01
3.654909492193923470e-01
3.877065862482083625e-01
1.966782202240837940e-01
5.546872011463335195e-01
3.932796844939634995e-01
5.176611394316402714e-01
4.179952894178565748e-01
1.950175534233951069e-01
1.563308249080129775e-01
4.817225820620341797e-02
2.403648845296191550e-01
2.186456540022007067e-01
2.707303436534708729e-01
4.164113785713711713e-01
5.500301599491702609e-01
2.594126998654652794e-01
3.585053874236481253e-01
3.955314491383412623e-01
3.504323212828164835e-01
3.518447848328061234e-01
2.581716836119709590e-01
7.279087680881071165e-01
6.403819275686284396e-01
1.002569478574731054e-01
1.994263913698593182e-01
3.209829192075568383e-01
6.206662584348891787e-02
1.317099113264113830e-01
2.322918183887875132e-01
3.144937639132101559e-01
3.228150333047405951e-01
4.476161387896110400e-01
6.656706949481226987e-01
6.222501692813737773e-01
5.966185073088892121e-01
2.769712956971185358e-01
3.886226432968006295e-01
2.973548186287507389e-01
1.218047310883960677e-01
1.533344505115387113e-01
3.226435860082454421e-01
3.360415471441330348e-01
3.291327413025919024e-01
6.141771031405420800e-01
2.589162933640676290e-01
1.891962519269415333e-01
2.978512251301487224e-01
6.408783340700259235e-01
1.028165269771040391e+00
5.521872332512574033e-01
6.132610460919504236e-01
2.312990053859918516e-01
5.873044249145632500e-01
3.858744721510250497e-01
3.570929238736583744e-01
3.615017618201222804e-01
4.383788123494883893e-01
1.216332837919012755e-01
7.101019690057547296e-01
3.853780656496273993e-01
6.797365098819037055e-01
5.210771643753089322e-01
1.327027243292072112e-01
3.026797136238070229e-01
5.649352759773407229e-02
2.003424484184510579e-01
2.629054807633377511e-01
3.985278235348154174e-01
1.356990987256818937e-01
2.237223457465583321e-01
4.367949015030038740e-01
4.036045152791730706e-01
5.067222610128035987e-02
8.386261232511113550e-02
8.103768522513171702e-02
2.612448139626493693e-01
4.340467303572280722e-01
4.194077529678458260e-01
2.376934693380472752e-01
3.293809445532910885e-01
9.867303701098836810e-02
1.181405028940288177e-01
6.646778819453270648e-01
1.880319916276506076e-01
4.983292500689213977e-02
4.178238421213615883e-01
5.268984658717629221e-01
1.593271993044874935e-01
3.351254900955410454e-01
4.022688076833871307e-01
3.117455927674339655e-01
1.560826216573141523e-01
3.802246179510663238e-01
2.251348092965478609e-01
1.111549410982842490e-01
5.674173084843301545e-02
2.955227045315673151e-01
1.156584703870397468e-02
1.947693501726963095e-01
2.332078754373791418e-01
4.095025727298310381e-01
2.691464328069856360e-01
2.378649166345423727e-01
4.724852556219113486e-01
3.108295357188424757e-01
3.205632686603623327e-01
3.669034127693823755e-01
5.324894995056052467e-03
1.468452952171918624e-01
9.193567846594238868e-02
3.302970016018827448e-01
3.960278556397422989e-02
4.356306412037128095e-01
3.499359147814180560e-01
1.551665646087221906e-01
1.713894528445880638e-02
2.524271380697205025e-01
4.168310291185667316e-02
4.492768055903003516e-02
1.688127289953090526e-01
6.414694319137161094e-02
1.921926263234159937e-01
1.456810349179008812e-01
2.803693852526989438e-02
4.321378603058410595e-01
9.559990666030986073e-02
6.414694319137149991e-02
1.702251925452985259e-01
2.049227336614100892e-01
5.973810524490713592e-02
1.738714853515783282e-02
1.176440963926307232e-01
1.403561399228446804e-01
6.647546378995325411e-02
2.223866381507720313e-01
5.208468965127000666e-02
3.112491862660362041e-01
1.950175534233948571e-01
2.832890036949700097e-01
2.565877727654862772e-01
5.882204819631553505e-02
5.233289290196874166e-02
5.115916346844875395e-01
3.065921450688737226e-01
7.712525378006541976e-02
6.026112561018385216e-01
7.155215553431003295e-02
1.748822337424616458e-01
1.208886740398042725e-01
2.781355559964093782e-01
3.705676409637498891e-01
9.518025611311647927e-02
1.938532931241042645e-01
3.351254900955412119e-01
1.732215669417728754e-01
1.830320558374975981e-02
3.913708144425760427e-01
2.637447818577252634e-01
1.185601534412226571e-01
2.876210856872305488e-01
9.451240231522306523e-02
3.140741133660157614e-01
3.029279168745053763e-01
2.426934051282006732e-01
1.628199802023597154e-01
1.912765692748239210e-01
3.707390882602443205e-01
9.750877671169763672e-02
1.693091354967067030e-01
2.038352293163234186e-02
1.991781881191604653e-01
5.546872011463339636e-01
3.897101476418875499e-01
2.429416083788995817e-01
1.841195601825840744e-01
5.544389978956348886e-01
1.945211469219972067e-01
3.992724332869124759e-01
5.410410367597471293e-01
1.952657566740939599e-01
8.334906109406360342e-01
3.381218644920153671e-01
5.072595526922271114e-01
5.794795620244302947e-01
4.229005338657182977e-01
4.888795911542733741e-01
2.564163254689910132e-01
5.584281852949048996e-01
5.141683585337677997e-02
1.477613522657834078e-01
9.542845936381522121e-02
4.309556646184631301e-02
5.076792032394211729e-01
1.373597655263706918e-01
9.451240231522298196e-02
3.967724653918360822e-01
3.534286956792909717e-01
2.477700968725577158e-01
1.273778293341511214e-01
3.281399282997960465e-01
4.254005017607950800e-01
3.969439126883304580e-01
5.114201873879922200e-01
4.861314200084979609e-01
6.473674893643730499e-01
3.154865769160053457e-01
3.803013739052698572e-01
1.082330276770193223e+00
1.080498162673009688e+00
7.890593368830040033e-01
