6.702208202419115413e-01
7.301353196809335921e-01
1.294304124389240362e+00
1.152001966030675062e+00
1.368018300123256648e+00
1.175254713690390140e+00
1.113611792942636347e+00
1.300127756651538125e+00
8.468573913585811797e-01
2.226046654850358131e+00
1.109926595580411623e+00
2.766662519571060130e+00
1.536956008829720721e+00
1.288160322873421082e+00
1.082828150214901752e+00
1.492159147228543370e+00
6.790883152547954049e-01
6.747062857228864896e-01
2.632308861427796187e-01
1.688083566919217071e-01
9.149725527813663550e-01
1.009024804630445749e+00
2.375449043272593319e-01
5.398274035150399941e-01
1.169750647560835910e+00
5.398777972292280181e-01
2.315317203545967484e+00
1.007599670344834442e+00
2.496071578673610403e-01
1.260824014226990419e+00
2.827070966325943568e-01
3.164798360933401278e-01
6.316737837108504783e-01
3.347874139804772331e-01
1.796404836310748321e+00
3.340390065192257452e-01
7.752158091344449886e-01
4.786867285153820761e-01
3.366611771850742674e-01
3.846701581073244114e-01
2.872742649653923785e-01
4.678292351935199322e-01
7.545584237260229143e-02
1.591918796235541056e-01
2.753615972048494703e-02
5.815856670180963306e-02
3.798460419170529567e-01
9.394811573874343180e-01
7.370310086123127435e-01
6.688538035084901079e-01
5.808843017364172523e-01
5.096652754195516444e-01
3.266244749752800769e-01
4.424227657663340474e-01
2.055320237325736488e-01
2.056990987256822612e-01
4.495617110507926784e-01
1.303698314272385694e-01
3.956733110798983377e-01
1.819964121499084708e-02
1.162590158514291150e-01
2.624775317839088684e-01
5.659961003275645330e-01
4.466201026718937261e-01
2.649506912644302714e-01
5.852701289774810967e-01
1.523984240501651044e+00
4.042231245513434046e-01
4.032856521603545574e-01
9.135963452666315820e-01
7.583486524003179019e-01
7.162365797402606704e-01
5.440570703270064534e-01
9.912672500738172188e-01
1.197188764404414130e+00
8.875454789214919371e-01
5.958437376076218817e-01
1.774095846463256410e-01
2.256185450623235389e-01
7.382807694725816994e-01
9.429783105886931915e-01
4.395984132605865180e-01
6.973647124239897854e-01
6.717319012630404984e-01
8.041014963748032152e-01
7.121071257624379536e-01
7.383343863016921249e-01
7.314847187811126528e-01
2.129416083788992498e-01
4.441425708879843670e-01
1.050723194409699385e-01
1.340253150148318639e-01
1.038943676372854896e-01
6.424613525674301162e-02
3.945348384263910879e-01
2.634116526402816572e-01
4.812541331636561726e-01
8.229957998022419119e-01
5.592416987435099296e-01
6.901035643687585264e-01
4.010650682339188533e-01
9.501539580829464482e-01
1.400054191423341976e+00
4.266748686894682452e-01
1.043397961135887231e+00
7.591063790625762753e-01
2.853703418116245172e-01
5.399057548322478972e-01
2.447967331814838443e-01
1.536598558909803569e-01
4.610650682339188511e-01
3.742915820733115351e-01
2.846477219961565108e-01
1.273915208385449360e-01
2.726989266200507966e-02
1.153112034906622896e-01
1.137908032685269188e-01
3.541381985845972746e-01
0.000000000000000000e+00
2.318321140971833783e-01
2.062590158514289729e-01
1.756185450623232447e-01
2.980325662218828442e-01
2.371433175878462363e-01
2.138806761328919670e-01
5.524775317839086819e-01
3.267466777460523719e-01
6.655862151559158724e-01
5.311363026962674649e-02
3.026177983624619983e-01
4.374462868561200257e-01
1.131308324586997927e+00
3.840209427114450458e-01
7.849951173122273751e-01
9.471339983868394263e-01
1.330893046343191610e+00
4.064403569431633279e-01
9.273827762317701229e-01
1.040893046343191353e+00
6.785234512314282096e-01
2.039447613514734359e-01
6.117198051216503618e-01
9.913636651988056991e-01
6.813461759852569299e-01
1.077455606057125870e+00
4.676851709058121864e-01
6.297654882536947163e-01
4.245090507806076885e-01
1.733935888325007224e-01
3.293956568264560514e-01
3.235705576208479095e-01
5.597063499327327163e-01
6.400454468165686084e-01
3.832582691515670215e-01
3.370490724200939647e-01
2.923783397185369948e-01
3.752246821609130090e-02
2.721257641644510006e-01
9.418801770455251243e-02
4.808749825354109442e-01
3.859522488740000923e-01
7.108081203764458067e-01
4.808218118808397779e-01
6.778117459799718469e-01
8.300186384020135089e-01
2.498099143014919088e-01
5.710426321227509705e-01
5.761236961704955251e-01
7.775044044083102568e-01
6.050509040985735387e-01
1.764754637899530465e-01
1.289212402616875808e-01
1.707944288720520953e-01
2.194936997033632500e-02
1.875405320238723306e-01
3.306317261823312759e-01
3.459653657841617602e-01
6.874818398774494854e-01
9.676161387896110577e-01
1.061493463387887637e+00
9.484697059826252552e-01
8.809599085021563303e-01
5.431360663807951461e-01
1.286782805361613491e+00
5.150449364321826318e-01
2.121838817166414870e-01
2.318277417937964768e-01
8.358124284699864903e-01
8.498876910244668181e-01
4.762639627490486416e-01
8.461187492728760029e-01
2.340159958138250951e-01
3.589529955738621769e-01
3.449002975502425405e-01
8.987776221485186401e-01
7.067679646687554662e-01
1.070419650547193902e+00
8.963937609381308347e-01
4.304333420515879527e-01
6.821257641644511427e-01
5.387639306441249776e-01
4.722200093322030945e-01
2.002755862594863268e-01
4.936691750919868782e-01
2.668228591060239352e-01
9.123416375087427532e-01
7.033388228149255461e-01
5.080774384442189318e-01
6.599769892946002470e-01
1.437864309651396000e-01
1.931136302696269680e-01
1.664935275977341700e-01
4.859385573696065608e-01
3.412551539324275018e-01
3.862365797402610990e-01
3.246614135005501667e-01
5.206267792847117937e-01
3.891343366655960478e-01
3.754739061803831213e-01
1.406722261012804120e-01
1.343951464420706787e-01
2.374095846463256665e-01
6.928610547155409360e-01
6.014299527635380560e-01
4.933525143193194240e-01
5.618277417937964646e-01
3.349320528624170068e-01
2.146931688127247662e-01
4.344586570664196734e-01
1.442088487360424498e+00
3.909291739587533732e-01
1.932626414549541427e-01
6.718408587039582658e-01
4.501583303863340157e-01
3.432807052627352973e-01
2.528517355145343815e-01
3.721251895702186729e-01
7.416206130562787990e-01
2.966064111674994175e-01
4.396022109697415581e-01
5.947205518215117337e-01
1.440159958138253204e-01
1.418140502894028043e-01
6.097567436469206736e-01
3.156584703870399244e-02
1.393639015142816573e-01
2.689299848684613137e-01
4.795573387474059146e-01
2.695353488107766204e-01
1.693091354967067863e-01
6.010059299129574262e-01
6.045485299307848948e-01
3.349594358712048581e-01
4.754963422915515769e-01
5.324894995056052467e-03
2.102388840496925149e-01
4.013132714846179283e-01
1.413543459977993910e-01
1.211642602992907269e-01
6.954508954749829552e-01
5.688083566919222012e-01
2.826221706658488264e-01
1.286105471554121159e-02
1.710563236271448739e-01
7.896668707825539590e-02
5.946746588304054060e-02
2.291020067591888476e-01
2.185694726422295064e-01
1.871663282932464756e-01
2.585420896334419960e-01
1.619630614747300523e-01
5.385294188978199115e-01
9.983292500689217031e-02
1.419630614747299791e-01
4.235015255046465921e-01
3.533886419348810093e-01
4.026189475509284188e-02
3.559116205353581724e-02
1.215702193420913485e-01
1.503561399228446893e-01
2.429158207331136993e-02
1.450405641287956793e-01
6.494574436681108121e-02
3.061056323627143749e-01
2.462820265568292644e-01
6.332265138393927684e-01
3.905599171257472801e-01
2.131273217740210502e-01
1.250766917443572046e-01
4.499315424780313544e-01
3.862316328426417256e-01
9.482411619027093785e-02
7.296702223171710466e-01
2.070036256035256428e-01
1.509297485529857430e-01
2.141288793835905424e-01
2.031453855818015908e-01
4.133935888325009911e-01
3.346389773893825303e-01
1.591250174645893467e-01
2.003972144360263163e-01
3.175542235282660664e-01
7.830320558374981310e-02
4.547469140615284511e-01
4.024638402795151504e-01
2.043995187454573648e-01
2.963762717245816969e-01
1.368770505293663287e-01
2.570798069634969152e-01
4.237497287553451120e-01
1.185327704324352360e-01
2.437951755719138247e-01
2.339031122440594079e-01
5.512902607792176113e-01
1.461193238671080474e-01
1.549687550722111673e-01
9.675542235282659498e-02
8.870304340180804603e-01
6.666201026718931999e-01
1.394547955336552514e+00
5.644767208742007547e-01
7.862135690348603934e-01
8.721926263234159871e-01
4.372923287731732556e-01
5.873964677361644959e-01
1.272838044010139891e+00
4.218731886103649908e-01
8.473837970005422271e-01
4.493502100098878405e-01
1.194751286364915455e+00
1.157269318067773112e+00
3.431898116295985512e-01
8.658574291120153532e-01
3.026084791614551683e-01
4.518217741274054844e-01
2.858316414662323557e-02
2.914080912466026074e-01
1.159883764895615899e-01
3.660641116749940860e-02
6.614255804601506528e-01
2.085694726422294976e-01
1.187004200197754739e-01
2.431443648130304502e-01
4.734560786880783190e-01
4.943951464420702768e-01
2.813313352923989541e-01
6.472830095721664456e-01
4.309341208563726711e-01
6.679914917087016457e-01
8.669635718591159890e-01
8.151485008009412558e-01
1.370256947857473095e+00
5.271389452844589263e-01
6.683442800969310316e-01
1.997494510613071039e+00
1.910654736887731797e+00
6.852810435414917745e-01
