9.097517967493011781e-01
9.758848121208032467e-01
8.823646482141433989e-01
1.058537142735822778e+00
9.160064402973426834e-01
1.260970376891628053e+00
8.730999387652332855e-01
1.037140701456070069e+00
7.682665033739555227e-01
1.313376260427559172e+00
1.330395619073021951e+00
2.373665570580353545e+00
1.305484406958768995e+00
1.454308625112320508e+00
1.178939304069467786e+00
1.165345735743219979e+00
5.784659082734705526e-01
5.719362530601747041e-01
3.153522780038434670e-01
2.236461643865866322e-01
6.706946622124481117e-01
7.148104246858771882e-01
2.754508954749830263e-01
7.905857047715303398e-01
7.878933204121018052e-01
6.582714502715750760e-01
1.121753762779975849e+00
7.707303436534702623e-01
1.859790572885553217e-01
1.000832758833764435e+00
2.927070966325944212e-01
1.122914225370112096e+00
4.445707397157914187e+00
1.039065304549394719e+00
1.287543308964255617e+00
8.302936500672674081e-01
3.145671683327980750e-01
5.846794773083306973e-01
3.226177983624616274e-01
2.497150945395073540e-01
2.005144703091783775e-01
4.092734540556843825e-01
1.261056323627144371e-01
1.771252537800651616e-01
1.475361597204849495e-01
1.946477219961564864e-01
1.039439508280020741e+00
7.077389161546153717e-01
1.880500554354311571e-01
5.081327790560263846e-01
1.634305273577705497e+00
1.551966413009345347e+00
1.961164260299290918e+00
2.397584958071668382e+00
0.000000000000000000e+00
4.881516027918747724e+00
6.055862376009633508e+00
1.997729596953609299e+00
2.069602785563973590e+00
5.330555127174367858e-01
2.602388840496923095e-01
4.563984240501651080e+00
3.275193947617508705e+00
1.092927916874505634e+00
1.057919682652117555e+00
2.009291071688925623e+00
5.580413108286571555e-01
2.003956857492863008e+00
9.359018551598128344e-01
9.541239324859713822e-01
9.619537422737233223e-01
7.643677634332832760e-01
6.495754025551864208e-01
6.288401120040966186e-01
6.974145315439453929e-01
7.717372943351987757e-01
9.966337941762872799e-01
5.396164770683676837e-01
3.484385252646830522e-01
1.164480807811656832e-01
7.872518288542242892e-01
7.319493699703358836e-01
3.511598879959034192e-01
7.819219869615489094e-01
7.839431659884694703e-01
6.341650069991526806e-01
9.563225264757779787e-01
5.190028146938174824e-01
1.329363326920048882e+00
3.129689913876873009e-01
3.490702514470143125e-01
2.350723194409699568e-01
4.801353196809335366e-01
1.067554223528265622e-01
1.237409841485713896e-01
2.737242509653218470e+00
1.978185949710596692e+00
1.406796496866007606e+00
1.635334214196062508e+00
4.228523101087666158e-01
7.876040426482218137e-01
4.062360051460281452e-01
9.010470044261379430e-01
7.571843921010267264e-01
3.824682125829018120e-01
1.081276569274823185e+00
1.359756169052688257e+00
3.828336717067537531e-01
4.440741133660158768e-01
4.011686326026781546e-01
1.879914917087019410e-01
3.732489499505605157e-01
1.755637790447483748e-01
2.624638402795151926e-01
7.234658440636243526e-02
1.208031734788245909e-02
6.817225820620334553e-02
2.260020679939554189e-01
1.952219052205296512e-01
0.000000000000000000e+00
1.129421829731316190e-01
1.900043723033872367e-01
7.429158207331162944e-02
2.787184838275560406e-01
2.003922675384068874e-01
2.080686938374444461e-01
4.014485911655510386e-01
3.898871164302345482e-01
4.377700968725577457e-01
1.253248949950562519e-01
2.760826216573136760e-01
6.583744400461014612e-01
8.968770505293666151e-01
2.730544919486648237e-01
3.874419145527330244e-01
8.361588030172855124e-01
1.324909042157016215e+00
3.593365185054943622e-01
4.839168037484540275e-01
1.034403891048844670e+00
8.798230312116525065e-01
2.400361276155616730e-01
7.992553902479031525e-01
7.275800111740491349e-01
1.019763892890691581e+00
7.610454090631344481e-01
1.096691337134245270e+00
6.676714794014185772e-01
6.325126386306988424e-01
4.139886128050376257e-01
3.594220190664721981e-01
1.094687201146333555e+00
3.450131811200080612e-01
5.015795385430978914e-01
2.611017704437127995e-01
4.562272605392542757e-01
3.389847508860364123e-01
6.247753178390870465e-02
2.162863988602161669e-01
4.041880177045525935e-01
5.755955343569230109e-01
7.189119210606801369e-01
5.857895461842792528e-01
4.634834616968660503e-01
1.256466144588946898e+00
5.455687259423682711e-01
2.273367548209703215e-01
4.247332225571345266e-01
6.252120114252904814e-01
9.357522693802531322e-01
1.180465097363762261e+00
1.096071578673610131e-01
1.589212402616875797e-01
2.126451813712488259e-01
1.519493699703363676e-01
2.432626414549544924e-01
4.642598267611369178e-01
6.211823241070714152e-01
5.087814198576737779e-01
8.164973253068885661e-01
1.459454220553186188e+00
1.298469705982625344e+00
1.319074049156168993e+00
6.990926875581824351e-01
7.402575224517056185e-01
3.642505075601302211e-01
3.459927487929487788e-01
3.533618335203260741e-01
8.809384931597601387e-01
8.338138139739270649e-01
4.386911008187692196e-01
1.382517010934086299e+00
3.482665033739557048e-01
2.455681513481358103e-01
3.657494924398695946e-01
1.066592719663105537e+00
1.165928663574367530e+00
1.560275011665253952e+00
7.904010121451811033e-01
4.618501779049647427e-01
4.725213832374732248e-01
4.466064111674996062e-01
6.518507524991972168e-01
4.202755862594862446e-01
2.815204002221355917e-01
2.853248949950561997e-01
9.065647620600856271e-01
4.292603371455230854e-01
6.706942160379086859e-01
7.235777068646187526e-01
1.327027243292072667e-01
3.310470044261379363e-01
1.310333129217445824e-01
4.396027855639739190e-01
4.756492796057262273e-01
4.130598850208236361e-01
4.908075457822138055e-01
4.292373264401229127e-01
5.035195893124272404e-01
3.960788239481595752e-01
2.506722261012804820e-01
1.194674658830402469e-01
2.103878952350196063e-01
2.882313965271654510e-01
3.774687229672880062e-01
5.307894819744329862e-01
3.856366088701040362e-01
5.374325953517259391e-01
4.555774705491421050e-01
2.506497899901123927e-01
2.737693340918353702e+00
6.476802240081926954e-01
3.057445455422500569e-01
4.504426612525945783e-01
4.459878018953292167e-01
5.832807052627353439e-01
3.751254900955410809e-01
4.967099755362581748e-01
6.809708230661672967e-01
3.471389452844588774e-01
4.679421187632851753e-01
4.122112647254293494e-01
1.045397853240104813e-01
2.450903832487510148e-01
5.168233052805628613e-01
4.843415296129603004e-02
1.288127289953090449e-01
3.663855909255882559e-01
4.049901704146077197e-01
2.552026922242842111e-01
2.603380761150641542e-01
4.101479904165560297e-01
5.487902928841409400e-01
2.902115010409048179e-01
4.291244428703571701e-01
4.532489499505609060e-02
1.348060523824903822e-01
4.284522167690768546e-01
2.578786081389360385e-01
8.116426029929080244e-02
8.232396307495540855e-01
5.384565890724639647e-01
2.113039522836110129e-01
1.286105471554122026e-02
3.125991599604481253e-01
1.907988011754394031e-01
8.469316881272477560e-02
1.617011667196374125e-01
2.423422121029751575e-01
2.449276805590301365e-01
2.982988332803626630e-01
1.219630614747300168e-01
5.101708727022629120e-01
1.255999066603099013e-01
1.886867285153820961e-01
3.437634202597391608e-01
3.500224361111682336e-01
1.097381052449071526e-01
2.738714853515783476e-02
4.777999066779669429e-02
1.327394265390012817e-01
2.647546378995323246e-02
1.177295969536089476e-01
1.520846896512699775e-01
3.633344505115387868e-01
2.636281005788057019e-01
2.413406544934055820e-01
3.354875976847771502e-01
1.602662670584799054e-01
8.507669174435716908e-02
3.563855909255881915e-01
3.789480486762425437e-01
1.319630614747299147e-01
7.811231857861099526e-01
2.370036256035256694e-01
1.526983520258201610e-01
8.412887938359053797e-02
2.724594679761279670e-01
4.836905904343837270e-01
1.940253150148322225e-01
1.035289085134340203e-01
4.425810961526676635e-01
1.861100046661016971e-01
2.051447030917885606e-02
2.282665033739553762e-01
3.083032055837497953e-01
1.471345729810718539e-01
4.547161795181256516e-01
8.427789056891779595e-02
3.821531471732386720e-01
3.526035322638357283e-01
3.261330153715019109e-01
2.175405320238720241e-01
1.569986787059060307e-01
6.550903832487511291e-01
1.509023655441980583e-01
2.198416696136662463e-01
4.675542235282658526e-02
5.111910687138455645e-01
6.234150041748971471e-01
1.414547955336552532e+00
7.091875073201671098e-01
9.490746237504014138e-01
9.464705168923335243e-01
2.219767529791238370e-01
3.624227657663337543e-01
1.289264709448909363e+00
4.197791797580885387e-01
1.398825845905469878e+00
7.410103022163442299e-01
1.598939304069468381e+00
1.775852482214395733e+00
1.038532770432435415e+00
9.679865448110818171e-01
5.089803785826493288e-01
4.972468819566048248e-01
2.858316414662322863e-02
1.552211264725428697e+00
4.275224682160912448e-01
3.339358883250059112e-02
7.666425387830607674e-01
2.470663481494505653e+00
1.683212693915307478e-01
3.133447904813164153e-01
1.243185439326211394e+00
8.162185159324798489e-01
2.953385864994495513e-01
5.888905057182844960e-01
4.684160891535151805e-01
9.483793869437211477e-01
9.591748365845449431e-01
9.788226227905478805e-01
1.204057070327006596e+00
5.014442188621643925e-01
5.137497287553454139e-01
1.890500204210552537e+00
1.769372646121055714e+00
9.161193238671080374e-01
