1.026123696170495592e+00
1.079188528088938392e+00
9.436729728011419294e-01
1.171469431913715109e+00
1.062405722727324919e+00
9.988653250556472907e-01
6.688845380518934070e-01
7.504521412622086052e-01
8.112721969714368209e-01
1.374675840407783678e+00
8.860826216573138847e-01
1.882087627400260033e+00
1.056936349658935459e+00
1.295787950821275070e+00
8.712952076768368803e-01
1.007891150454864437e+00
6.338987399406725842e-01
4.524687871771343461e-01
3.294855296908215103e-01
3.153610226106177694e-01
6.955238537200314486e-01
1.054476274699661653e+00
2.512815161724433755e-01
4.442411883591236843e-01
9.456360342758718396e-01
4.317099113264116772e-01
1.078820452833311183e+00
4.391337620713634537e-01
2.324682125829021229e-01
8.738844738420468161e-01
4.027070966325942969e-01
1.109403380664458982e+00
3.174145922422598964e+00
9.946340304917629105e-01
1.261730305900036431e+00
4.694992211952149219e-01
4.277250962305285675e-01
4.378024267789643598e-01
1.151895753141226053e-01
3.773417017185896616e-01
1.363538356134132157e-01
2.666020388641121563e-01
1.176671070980313122e-01
2.156185450623233080e-01
1.475361597204849495e-01
2.676911385722033354e-02
6.469576041927247445e-01
5.724594679761279004e-01
4.257314286320884600e-01
7.634286956792906143e-01
1.413267588352574045e+00
1.179548019546398319e+00
1.691164260299291344e+00
1.785373693346239410e+00
0.000000000000000000e+00
4.908005183213093758e+00
6.365862376009633117e+00
2.169678966923945129e+00
1.773113630269627095e+00
4.342378368245081166e-01
1.002388840496921951e-01
2.466845295217190870e+00
2.857522468216090683e+00
1.021546187867919286e+00
5.641469431913714860e-01
1.641619592287507423e+00
4.767143478396455025e-01
1.567585978840440930e+00
9.351348092965475756e-01
4.953522780038436268e-01
1.107467702198516646e+00
5.734648232948524882e-01
6.191063790625760399e-01
4.795633064137969082e-01
6.948514991990584200e-01
8.429930228618582877e-01
5.295660833541798729e-01
4.837771117641332386e-01
2.277887352745709415e-01
5.644808078116569233e-02
5.010880789393196144e-01
6.589984423904299282e-01
3.376490432902503058e-01
7.436741219896065846e-01
7.474540106941226503e-01
8.839842405016506977e-01
7.201851388008889687e-01
7.535239616158149190e-01
7.408974186465784317e-01
2.165072191021275849e-01
3.075722873360466902e-01
2.457221094310820808e-01
7.459746849851678352e-01
2.367554223528265944e-01
2.327481711457753677e-01
2.396114951563721451e+00
1.774675105004943632e+00
1.220279958562873190e+00
1.735334214196063041e+00
4.358306206974602581e-01
4.948153715834967548e-01
5.046384027951500428e-01
1.120126575074158692e+00
1.005243766737464739e+00
2.330193851018746987e-01
7.910420575285179723e-01
8.992236349357285441e-01
1.271389452844588486e-01
5.224227657663339519e-01
3.655637790447487379e-01
2.167554223528264379e-01
3.074008400395515928e-01
3.071526367888525733e-01
1.135289085134338072e-01
5.818594971059710963e-02
7.856947264222965965e-02
1.380550023330507636e-01
9.367354739537431252e-02
3.521350833654576795e-01
0.000000000000000000e+00
1.187004200197753906e-01
3.300043723033872500e-01
1.350586279365762754e-01
1.971570090922392104e-01
3.603922675384068630e-01
2.698646803190664634e-01
4.284702805768573763e-01
5.306267792847116915e-01
4.998367227160465665e-01
8.948552969082165798e-02
3.517773480796089203e-01
1.341786985035456903e-01
1.035207064527671195e+00
3.635870260656237640e-01
3.528834908267088344e-01
8.238390270254785097e-01
1.471425580460150595e+00
4.200410745131811785e-01
2.997561690526887590e-01
1.033898739940672717e+00
8.434697701924714908e-01
2.000361276155617207e-01
5.517910395840024407e-01
5.242324437523493419e-01
7.416233899966622189e-01
5.934473340813042341e-01
5.926753413204195464e-01
8.420852642455023407e-01
3.755544598437417503e-01
4.022473923409909946e-01
2.943496996255022258e-01
6.171964882424170185e-01
4.667280393440392250e-01
4.558574291120155442e-01
2.876534155936372184e-01
3.105599171257470426e-01
3.350860109453637770e-01
5.182774179379659452e-02
2.280276193242631311e-01
3.541880177045525491e-01
5.360645578495336627e-01
6.561143769694884886e-01
4.486045794890197724e-01
4.543677634332827786e-01
1.056466144588946721e+00
4.150361918254082960e-01
3.065970919664927630e-01
4.102482032506987730e-01
5.104103313461872959e-01
9.333525143193193152e-01
8.161423345725085099e-01
1.534971532012592843e-01
2.211598879959038588e-01
2.605325341169597020e-01
8.194936997033634707e-02
2.188313673973224793e-01
5.639979320060445334e-01
5.555774705491421939e-01
5.487814198576738134e-01
8.635190147181949216e-01
1.158632408672346736e+00
1.107170126002400945e+00
1.059074049156169206e+00
7.227207881369883680e-01
1.010473395795998153e+00
3.742505075601303410e-01
1.788176758929285182e-01
2.760782493539272742e-01
9.033031413739034399e-01
7.098876910244669158e-01
4.474813937029099020e-01
1.332896161562331816e+00
1.837453564519586635e-01
3.683032055837499041e-01
3.184932912822583395e-01
1.123035853546651586e+00
1.032950352985673836e+00
1.195581842852528887e+00
1.101781720382996266e+00
4.735376531202082351e-01
6.750844155823603199e-01
6.585283981290480648e-01
4.970216894113065331e-01
2.771526367888525466e-01
3.287853459865213157e-01
2.953248949950562641e-01
6.278478735955330681e-01
3.908218118808396424e-01
4.178966719467172020e-01
3.655544598437423520e-01
6.027558625948653548e-02
4.478966719467172841e-01
1.180550023330512177e-01
3.996027855639738280e-01
2.739441867572413591e-01
3.417603050405993992e-01
2.766469110864481773e-01
2.769088058415411502e-01
2.537267180499449548e-01
3.851758838097290583e-01
8.586180141540258881e-02
7.988274412684764902e-02
1.538987399406725465e-01
3.528610547155410226e-01
4.660245041051235271e-01
5.482801948783493362e-01
6.802662670584797011e-01
5.649320528624171001e-01
4.179059911477237543e-01
2.469044335381539723e-01
2.547576085045201832e+00
5.776802240081927442e-01
3.757445455422500635e-01
5.058754929197969430e-01
4.925043401984638969e-01
4.532807052627352840e-01
5.287809736831341478e-01
5.513670167334213668e-01
5.055106083901778069e-01
3.993228270011002778e-01
3.991244428703569769e-01
4.250997024497578658e-01
1.011549410982842540e-01
1.350903832487509726e-01
3.483300139983050436e-01
7.843415296129602199e-02
1.065927196631055035e-01
2.889299848684612204e-01
4.295025727298310003e-01
2.431360663807949629e-01
2.411325049871159421e-01
6.401479904165559009e-01
5.290248046304460994e-01
3.836862181309960151e-01
3.891244428703571900e-01
5.324894995056052467e-03
9.684529521719192902e-02
4.413132714846179083e-01
2.821838817166417157e-01
6.960278556397425653e-02
6.832396307495536281e-01
4.469849872015124737e-01
2.283256416949181189e-01
7.138945284458797502e-03
2.925991599604482185e-01
1.207988011754393964e-01
7.469316881272476671e-02
3.962409520436477317e-01
1.999863084956062798e-01
1.337727394607460818e-01
1.356810349179008723e-01
1.419630614747300346e-01
5.503067669774288628e-01
1.355999066603099101e-01
3.196306147473000625e-02
2.735015255046465144e-01
3.383349608959246857e-01
3.755422352826565113e-02
4.261285146484217190e-02
1.415702193420913524e-01
7.273942653900133948e-02
4.647546378995325023e-02
1.463762717245811751e-01
1.400180638077807016e-01
2.233344505115388845e-01
1.736281005788057052e-01
3.381815774072096659e-01
3.491430812723706478e-01
8.026626705847983434e-02
9.507669174435717796e-02
2.475131490150848934e-01
3.489480486762426836e-01
1.000136915043936536e-01
6.015023364143551321e-01
3.070036256035256206e-01
3.683930784481149745e-01
1.141288793835905646e-01
3.099589254868186372e-01
4.040784856694030758e-01
1.601265750741593941e-01
5.585742911201558442e-02
1.306053639423154777e-01
3.775542235282660641e-01
8.303205583749750929e-03
2.671575836864718556e-01
4.276895432092000515e-01
6.856015344122268207e-02
2.950679471375828866e-01
8.197675297912379588e-02
4.629201930365031692e-01
3.185327704324352194e-01
1.984341529612960731e-01
4.415565278376973324e-01
2.775312128228655806e-01
5.425985853662159686e-01
2.779240549555043738e-01
1.891918796235541045e-01
5.961647706836765981e-02
7.511910687138456666e-01
8.279010442501043565e-01
1.432102178864818276e+00
6.820573066424823194e-01
7.960963131617077027e-01
9.563532610191810557e-01
2.526177983624617873e-01
3.023055098931810569e-01
1.282125764164450565e+00
4.761510791792828989e-01
1.377760777671550807e+00
8.838439739230977699e-01
1.417522468216091625e+00
1.372396403526317865e+00
6.920162321293010788e-01
1.097986544811081933e+00
3.826084791614551284e-01
3.044405932586387031e-01
1.014168358533767828e-01
1.682211264725428812e+00
4.875224682160912981e-01
3.690443353815369559e-02
7.929596721866800646e-01
2.560663481494505067e+00
1.712995799802245478e-01
2.249961380809986089e-01
1.253185439326211625e+00
8.189349317660806760e-01
2.903835229316321653e-01
5.938181862773141972e-01
3.567373585450455686e-01
5.619801045137391426e-01
8.891748365845449920e-01
1.006999253300138397e+00
9.005549702281274715e-01
4.505051511081720195e-01
3.784428975680702578e-01
1.794057070327006898e+00
1.165825673799840922e+00
7.323914566286983119e-01
