7.541195601825841921e-01
8.373564139917548665e-01
8.569131781449284002e-01
6.696208493717551447e-01
8.684160891535155358e-01
8.465763796380220141e-01
6.623602759107561910e-01
5.691567727767640195e-01
5.163806440279684606e-01
9.691397297377551956e-01
7.598388926732830839e-01
1.530207000317824306e+00
7.930035236402447341e-01
1.067155252920628516e+00
7.773065948717992057e-01
1.171267250073817268e+00
7.865252829099084186e-01
8.218902316493741367e-01
1.760919408583209167e-01
2.480413108286570745e-01
9.545036577084484719e-01
1.149286699385539068e+00
2.593321462021069834e-01
8.127070966325942170e-01
1.062162466374245273e+00
6.021066795878985412e-01
8.643167951248624803e-01
6.812267501548682214e-01
1.850673725433505390e-01
7.668441460287268585e-01
5.862179413382476723e-01
9.630314812432645422e-01
4.761899550850378304e+00
1.124787413980477213e+00
9.483925038538824070e-01
6.169088058415411746e-01
3.899375101444222946e-01
5.476304048882369990e-01
3.952257029296843971e-01
3.803200123072831840e-01
1.984478444656896101e-01
2.880462577262765111e-01
1.677843629711838758e-01
3.706360984857183793e-01
6.753615972048497562e-02
8.027995856287351017e-02
7.748997229560099509e-01
5.667099755362582370e-01
3.567964968660076175e-01
8.933662058237133996e-01
1.375604853557929941e+00
1.898898229556286843e+00
3.111164260299291051e+00
2.705283820481874546e+00
0.000000000000000000e+00
5.558005183213094114e+00
6.143001321294092598e+00
1.696692932497249062e+00
1.736624474975279941e+00
4.025580854472668446e-01
1.117104859206440037e-01
2.192567404648273044e+00
2.885193947617509025e+00
4.794170721688524872e-01
8.047967331814838143e-01
1.332801916394579012e+00
5.782210565573874250e-01
1.064173751605926199e+00
7.109741746007828267e-01
8.752975119862687059e-01
8.219449976669497282e-01
6.610103022163440478e-01
6.225810961526674348e-01
9.830467681106621614e-01
8.264316123363886213e-01
5.604289697482003341e-01
8.507670458632646815e-01
3.709160570485919850e-01
2.184385252646830478e-01
3.644808078116568151e-02
5.125860430502873211e-01
5.236007175700179150e-01
1.840209427114445906e-01
1.008457163666696355e+00
7.059473019763807811e-01
1.178560153441223113e+00
1.216944933457102529e+00
1.170952184664153739e+00
1.400383522931632374e+00
3.384204614569021330e-01
4.765609643509309823e-01
1.250723194409699424e-01
5.701353196809335611e-01
1.867554223528265500e-01
1.842461352567430488e-01
2.610275586259486413e+00
1.994675105004943605e+00
1.872753118043395171e+00
2.684621934350372108e+00
8.322025201186544763e-01
5.699238186400286121e-01
6.053155757940493764e-01
6.190976344558021260e-01
3.743320819922598686e-01
4.130818749574522442e-01
5.798323504126591255e-01
8.054508954749827199e-01
2.614168358533769387e-01
2.925126386306989290e-01
2.567734861606077446e-01
1.981722582062035998e-01
2.532489499505605202e-01
4.154651615736090764e-01
2.850082342223886900e-01
8.532489499505623021e-02
2.726989266200507966e-02
1.668726782259792318e-01
1.001627026897211198e-01
3.114305273577704369e-01
0.000000000000000000e+00
2.877526076590094517e-01
1.800043723033872556e-01
1.234971532012594519e-01
2.404420866583617533e-01
3.129826828920811432e-01
2.197474244459134973e-01
5.958711206164091223e-01
3.762228882358671367e-01
4.797194668428939601e-01
8.532489499505621633e-02
2.836007175700189231e-01
5.014809210719585186e-01
5.640521234293871533e-01
2.142280714489626647e-01
2.163855909255882615e-01
4.179821725076945937e-01
7.212644731334345582e-01
2.627848733555698812e-01
3.696027855639740234e-01
4.337541010587325774e-01
4.474770213995229451e-01
1.419953913811373702e-01
2.560689301529207595e-01
3.401079366721463382e-01
7.399359147814188464e-01
7.482742272119587978e-01
4.282177050227719550e-01
5.066425387830614246e-01
4.418638694093581787e-01
2.810924512427067645e-01
2.878067990823517941e-01
3.260798447169313552e-01
3.577569799623969149e-01
4.726162029994575575e-01
3.236187813777995359e-01
2.427164158336009847e-01
1.096345408761485313e-01
1.247753178390870535e-02
2.216831029118562779e-01
1.886456540022006523e-01
3.820573066424825526e-01
3.040028789036637868e-01
5.259155466642061461e-01
2.394762104898146837e-01
1.249490476588441590e+00
7.311549410982838282e-01
3.865970919664927785e-01
6.373871485351580990e-01
3.675131490150850277e-01
1.181294633082605072e+00
3.974857660062972586e-01
4.494137206342380814e-02
3.010426321227512303e-01
1.607944288720520309e-01
4.194936997033633930e-02
2.675317874170981547e-01
3.606317261823311915e-01
5.605051511081723392e-01
5.304875334749304949e-01
9.211269834952643398e-01
9.225585316218068987e-01
1.321863294815125878e+00
1.369074049156169259e+00
6.927207881369883413e-01
7.443721357366707148e-01
2.649002975502424140e-01
2.863718994211942315e-01
2.388494312051030188e-01
7.983754608148733167e-01
7.040483257202323486e-01
5.723192013975746395e-01
1.391181303338300701e+00
1.537453564519587479e-01
2.280413108286573620e-01
2.677526076590094894e-01
8.330358535466516612e-01
1.134764977869308966e+00
9.947600309716895239e-01
8.822605092511527358e-01
4.237995478753008860e-01
7.374403191897291876e-01
3.158744721510249875e-01
3.369669233937316877e-01
2.602755862594862690e-01
3.095885194653476558e-01
7.617306911591172069e-02
5.088845380518934869e-01
2.689085695260655662e-01
4.376347771916248020e-01
4.087047923231634239e-01
5.741453154394556002e-02
3.062179413382474236e-01
9.427351826553076464e-02
3.900180638077808126e-01
3.370945192366622267e-01
3.283119501905240045e-01
7.014573357723259406e-01
3.700043723033876186e-01
4.405412787237335537e-01
3.874145315439453396e-01
1.306722261012804032e-01
8.297831058869388487e-02
3.538987399406727241e-01
3.228610547155411070e-01
4.260245041051237136e-01
3.316464007020624716e-01
7.914124635499895088e-01
4.625674046482737278e-01
2.510650682339189421e-01
2.994674658830408509e-01
2.035716587939229605e+00
5.015428363333038764e-01
1.868907420337600211e-01
6.745124023152233583e-01
4.434971532012593198e-01
2.945802852429595942e-01
5.544757001054289036e-01
2.742280714489624405e-01
7.419997636845242495e-01
3.793228270011003156e-01
2.698914887336217872e-01
5.379607571652986753e-01
1.012995799802241526e-01
1.136461643865868121e-01
4.683300139983049837e-01
4.843415296129603698e-02
1.188313673973219742e-01
2.089299848684613159e-01
3.365242621411372870e-01
3.187135369299373688e-01
1.911325049871159809e-01
3.763401441090201693e-01
3.903243846106702608e-01
2.402115010409048290e-01
4.699813615979870907e-01
5.324894995056052467e-03
1.402388840496925637e-01
2.337951755719140656e-01
1.703605122262323301e-01
8.116426029929080244e-02
7.137721648665135143e-01
4.450082342223882770e-01
1.426221706658488964e-01
1.286105471554122026e-02
3.251983199208967057e-01
6.079880117543941254e-02
3.648915529434688249e-02
3.191020067591888165e-01
1.758530568086283663e-01
1.623285205985818269e-01
1.285420896334419361e-01
8.036938525269987643e-03
3.856683641822787889e-01
2.171252537800648086e-01
1.241469431913715255e-01
1.595754025551864852e-01
5.219805506882783108e-01
1.397381052449071792e-01
2.738714853515783129e-02
2.049189359522554654e-01
3.227394265390013395e-01
3.647546378995323441e-02
1.793271993044872337e-01
1.549457443668110224e-01
4.154284593638148393e-01
2.036281005788056209e-01
5.355550344379735872e-01
3.605599171257471980e-01
1.216831029118567997e-01
5.507669174435714243e-02
2.318809124483680872e-01
1.949046698536295308e-01
8.768517090581200157e-02
4.835963452666312001e-01
2.340253150148320360e-01
2.400718090565841512e-01
6.922858183334830440e-02
2.099589254868187149e-01
2.467597946562138933e-01
2.222293285332097024e-01
5.320350313399217074e-02
1.301813410917343483e-01
3.615976023508785664e-01
9.485529690821170590e-03
3.880232470208764273e-01
3.824638402795152436e-01
2.033892165291135423e-01
3.301402665785527768e-01
1.042778905689178692e-01
2.930100659008684771e-01
4.179914917087013682e-01
1.861330153715020086e-01
2.615565278376972835e-01
1.443995187454575890e-01
4.147298710225191254e-01
1.494855296908211284e-01
1.427027243292073033e-01
4.610563236271448401e-02
3.141693793025392423e-01
3.647693501726960719e-01
8.306579600026542387e-01
3.293408908088814036e-01
4.001309473775461201e-01
4.754602146759894787e-01
2.098466165112857773e-01
1.980736407350640049e-01
5.256913748876790304e-01
3.234072803368943094e-01
7.954048740641821436e-01
3.042231245513427607e-01
9.483706423369467897e-01
1.021042057528518621e+00
5.323055098931810392e-01
8.818765401449801811e-01
1.085103343212673599e-01
5.059199189675929187e-01
1.014168358533767966e-01
1.669350210009888036e+00
2.731273217740205483e-01
4.339358883250059307e-02
4.308656633344039033e-01
2.959102006759189329e+00
1.562546435480417772e-01
4.353556295384591879e-01
1.271651347599682458e+00
8.190795706480208382e-01
2.532445776471735077e-01
8.048471268956721714e-01
8.302208202419114613e-01
6.866645287196900815e-01
1.078263151839340184e+00
1.190952759258386173e+00
1.691196015611465375e+00
6.469943064025188706e-01
6.740663895280132323e-01
2.201781274208456374e+00
1.990754375127642417e+00
8.669224973459347394e-01
