8.492192626323412652e-01
9.117515604338253254e-01
9.252618305452463554e-01
1.600729769059238139e+00
1.592162466374245522e+00
1.213532131628356270e+00
8.012962284456088824e-01
7.240963886685761741e-01
5.810924512427063648e-01
1.273453747922234980e+00
7.001369150439376021e-01
9.999758077172207216e-01
8.882313965271656508e-01
1.428887728777901600e+00
8.195901148283516457e-01
1.067864788214849314e+00
3.130955664618462753e-01
6.196887322994913960e-01
3.249369997600364823e-01
2.841786985035461566e-01
7.955949597626909009e-01
6.034922063036400885e-01
4.850903832487512002e-01
9.073641378297575555e-01
1.202756341158317754e+00
5.776939155125864200e-01
1.710527458799647293e+00
5.051265108643125945e-01
1.699950531023805000e-01
8.372506796657595007e-01
1.313088991812308703e-01
1.658300461032280737e-01
3.567099755362578284e-01
1.032171946383857730e-01
8.228785439290897674e-01
4.423876589195438469e-01
7.314255804601512700e-01
2.896071578673609093e-01
3.223098821965684757e-01
4.824588933818960146e-01
1.214348996611579051e-01
2.592460710468968421e-01
6.427351826553065473e-02
3.481629390051967921e-01
2.246384027951509044e-02
3.027995856287351087e-02
7.152788735842553480e-01
5.350586279365763254e-01
4.467964968660076419e-01
4.693228270011006176e-01
3.592329541367351720e-01
3.954070440214185189e-01
2.773915208385447917e-01
2.646066474829753545e-01
1.050268726244013295e-01
4.945715406361851363e-01
3.723953827575462450e-01
1.738806761328917094e-01
3.169728910601224969e-01
2.672803934403907358e-02
2.620983811556633625e-01
1.449233082556429242e-01
6.020348705313144366e-01
5.578024267789649659e-01
1.016206130562786608e-01
3.647024880137316183e-01
1.527585978840440895e+00
3.243677634332833848e-01
3.739618043904828770e-01
8.185327704324355524e-01
5.654875976847770769e-01
4.721932009176481038e-01
4.426128514648423606e-01
7.500849259667456970e-01
8.602569478574727535e-01
8.697479990401463246e-01
5.287047923231630309e-01
1.761012600593274968e-01
1.856185450623235034e-01
7.139754958948764108e-01
6.025630323448865067e-01
5.440209427114444107e-01
9.658580037062476364e-01
6.358300461032282413e-01
6.745167746186102598e-01
8.552574582418587257e-01
5.227656603593242579e-01
4.522791476531649590e-01
2.592510179445162155e-01
3.225810961526675569e-01
2.492768055903004168e-02
1.659746849851680695e-01
7.961647706836763594e-02
1.137409841485714224e-01
3.652931396828809629e-01
1.731410132784148015e-01
2.342598267611372687e-01
5.820128805946854778e-01
2.298914887336219182e-01
3.882714502715746696e-01
3.284746528802446330e-01
1.032337839799587931e+00
7.862727073558221091e-01
5.029920020930875868e-01
9.817192305274173858e-01
6.035015255046465299e-01
3.056048535579297121e-01
4.608612910310171396e-01
2.736144090744120350e-01
9.454415762739779017e-02
3.223646482141430680e-01
3.235157916032724845e-01
1.935289085134339337e-01
8.441321024985114219e-02
4.726989266200509743e-02
8.466141350055016168e-02
6.016270268972113977e-02
3.385968556510167704e-01
0.000000000000000000e+00
1.346570411971634851e-01
1.702388840496923406e-01
8.429158207331161057e-02
1.820035613936785701e-01
2.729826828920810522e-01
2.099819361922186656e-01
5.484702805768570943e-01
3.136598558909806100e-01
4.459741103909352633e-01
7.818594971059719678e-02
3.186192917621845644e-01
2.774462868561199946e-01
7.494488274810274797e-01
4.876851709058114825e-01
3.363494633100266862e-01
4.282254288607745263e-01
9.600986174711390042e-01
3.150235210897859850e-01
7.573827762317700829e-01
8.736007175700182259e-01
6.640921771737962054e-01
2.246931688127248861e-01
6.250947555521376708e-01
4.771482644854653232e-01
3.638094416705398570e-01
7.249901704146073378e-01
5.266474856806805382e-01
5.032402053437862177e-01
3.959883764895620883e-01
3.383760354091061018e-01
1.343496996255023612e-01
3.060798447169315040e-01
3.670524239547094392e-01
3.695480195463988760e-01
3.723465844063622021e-01
4.386105471554107016e-01
1.723783397185370547e-01
4.182774179379659257e-02
2.044542847630321514e-01
3.686456540022007289e-01
3.524999678950764825e-01
4.806454176867246408e-01
4.122874460854004663e-01
1.238352293163232226e-01
3.078117459799718514e-01
5.565351767051477383e-01
1.320485620357080003e-01
7.959165674329775619e-01
4.310601213362996731e-01
8.243463480908865826e-01
3.743463480908866270e-01
3.960715786736097171e-02
1.168819974269859618e-01
2.405325341169597397e-01
1.793337415651108380e-02
1.526215960716163778e-01
1.686637178099817669e-01
3.228884377243284032e-01
4.386006533601718438e-01
5.235190147181949527e-01
5.368911882082992859e-01
6.570528701292487339e-01
6.661494838162788090e-01
4.987409199387248249e-01
1.196133015371501740e+00
7.290609322460077646e-01
2.299726169912120755e-01
3.518277417937966112e-01
9.533031413739033733e-01
8.369093804357734534e-01
6.844044656430772200e-01
9.789798039884174408e-01
1.282665033739557869e-01
3.341699538967721761e-01
3.297567436469206470e-01
8.721624663742453265e-01
5.577705430470972781e-01
7.047062857228857391e-01
6.629464268568260321e-01
4.388718673162711470e-01
5.695978386663544946e-01
2.387639306441249332e-01
3.298367227160469151e-01
1.308081203764457634e-01
4.586056002577910684e-01
2.016332837919012910e-01
5.633431951183125452e-01
4.644850193064350430e-01
3.914261550543841617e-01
5.707714181666522224e-01
1.137864309651396288e-01
3.400454468165685085e-01
8.000437230338719452e-02
3.296027855639739323e-01
5.097835520614759641e-01
2.082494603349463735e-01
2.506902899090613923e-01
4.633979611358881034e-01
3.292143157347218185e-01
2.336505366899738756e-01
9.067222610128039539e-02
1.006497899901123566e-01
1.654602146759896197e-01
4.677887352745709881e-01
4.426122768706098887e-01
3.258618014154029963e-01
5.433892165291134280e-01
5.749320528624168869e-01
2.784385252646832121e-01
3.526265429692360676e-01
1.477576085045201326e+00
2.811910687138458598e-01
2.668907420337599534e-01
6.161187492728763537e-01
3.442652198332957769e-01
3.832807052627353328e-01
2.455407683393479867e-01
2.706722261012802777e-01
4.882270242237781721e-01
1.945397853240102837e-01
1.658032376886728332e-01
3.113269629890115797e-01
9.843852526468307995e-02
5.364616438658679348e-02
3.896394877737681672e-01
4.156584703870398051e-02
1.270079979069127785e-01
1.738850484362789717e-01
2.654328316672019406e-01
3.944542847630326254e-01
1.788674950128839869e-01
2.827394265390015260e-01
4.706859176056739091e-01
1.713861013099739206e-01
4.276802240081931661e-01
5.324894995056052467e-03
4.947183818642748171e-02
1.979196826521169572e-01
2.114716018709516532e-01
3.039721443602572126e-02
5.004333420515872932e-01
1.911916433080783628e-01
3.002936500672672704e-01
7.138945284458797502e-03
1.771389452844590595e-01
3.079880117543939977e-02
5.194936997033636206e-02
2.520803173478823878e-01
1.872698926620051108e-01
5.024325635307940602e-02
6.977917975808844986e-02
6.196306147473007453e-02
3.495035934986021608e-01
1.733437697125452814e-01
1.219630614747299752e-01
2.736735473953740838e-01
3.648416054038198797e-01
1.202618947550928574e-01
5.089799324081101251e-02
1.068770505293665241e-01
7.726057346099868273e-02
6.475463789953214699e-03
1.354284593638147016e-01
1.449457443668111245e-01
2.861681222182921314e-01
2.788176758929282739e-01
3.937864309651394334e-01
4.201807664975021339e-01
7.687267822597942946e-02
7.507669174435716020e-02
2.699238186400286788e-01
2.077931075779582137e-01
1.319630614747299147e-01
5.262415266378804857e-01
2.403972144360263241e-01
9.620919673147330931e-02
5.808238534183847446e-02
2.324408295741144104e-01
3.024183934629468551e-01
2.977980544755776671e-01
2.165072191021276959e-01
2.101813410917343639e-01
2.980867576452255752e-01
2.169679441625027572e-02
1.924644148737473248e-01
3.859560465831547993e-01
1.514398465587773468e-01
3.650679471375828933e-01
6.457591293957222478e-02
2.467641669596009890e-01
3.323416375087427377e-01
1.545715406361851396e-01
1.545348384263909580e-01
1.500043723033869514e-01
3.884839720812516273e-01
1.224638402795148184e-01
5.496875507221121726e-02
2.610563236271448012e-02
4.983573970070919179e-01
4.467461031518200065e-01
9.679054165534914933e-01
4.578966719467170154e-01
6.398416696136659532e-01
3.708218118808396246e-01
2.302706393618668412e-01
5.424227657663337476e-01
1.259065304549394249e+00
2.783623439047117620e-01
8.585200996968129772e-01
3.337179734431707234e-01
1.057169679827862030e+00
1.270130372783313977e+00
5.488220481963154151e-01
8.530588642520520182e-01
3.026084791614550573e-01
3.872381373498304802e-01
8.583164146623217805e-03
3.898466165112854931e-01
1.159883764895615621e-01
7.309556646184632578e-02
5.985020358890316139e-01
1.950586279365760234e-01
1.597654882536949650e-01
1.242915820733116461e-01
2.795035934986024317e-01
3.275454789214914397e-01
2.980550023330512110e-01
3.737360372509516138e-01
4.411686326026775795e-01
5.370524239547094236e-01
7.998236058058850739e-01
8.726588728756429214e-01
1.193533280816821085e+00
5.742505075601305187e-01
5.370447001167066858e-01
1.687783788376951311e+00
1.555510033795945102e+00
8.333404181779298092e-01
