9.339485590606281251e-01
1.867211775109814731e+00
1.347093944642430152e+00
1.995124915501308438e+00
1.764797753950255288e+00
1.120373182961854397e+00
9.804733957959973489e-01
6.730513012226566616e-01
9.238801015386590709e-01
1.719603520966813015e+00
1.047038157856083229e+00
2.107214712858805239e+00
1.174869723815446632e+00
1.064895925246854613e+00
1.160410905940419513e+00
1.219063580766697852e+00
8.649364251658042679e-01
7.240390065192253699e-01
7.154695338769959667e-01
2.271570090922398200e-01
5.927974156714989062e-01
1.467897246540948997e+00
4.801353196809336477e-01
9.233568866227063188e-01
1.595527523009493187e+00
9.676216602814630141e-01
1.310246033293462009e+00
6.132396307495538990e-01
3.783075778871368700e-01
1.084596753687736115e+00
5.527070966325944301e-01
1.453031481243264533e+00
4.016357187148027030e+00
1.213866984628497958e+00
1.180549002561736449e+00
6.813313352923988653e-01
4.578697351124685344e-01
2.690746237504015870e-01
2.351895753141225454e-01
3.518091033917838395e-01
1.558574291120156108e-01
2.492734540556842959e-01
7.908394295140805386e-02
1.145896044439659589e-01
2.753615972048494703e-02
6.027995856287352017e-02
7.121559241136217189e-01
6.534072803368945470e-01
5.104059590428001725e-01
7.618672209439740772e-01
1.250794428872052055e+00
1.352526330135092048e+00
1.561164260299291229e+00
1.851862848640586368e+00
0.000000000000000000e+00
5.068005183213093900e+00
6.325862376009633081e+00
1.563956857492863062e+00
2.233113630269627059e+00
6.960689301529199291e-01
2.802388840496920497e-01
2.748144875197415349e+00
2.967901618844336120e+00
1.053224918476388439e+00
1.020518842612565757e+00
1.935960993480774661e+00
4.511094942817159836e-01
1.554426901754245360e+00
7.936828665963806539e-01
4.655242998945712252e-01
9.178829804423234151e-01
7.063258780103932599e-01
3.591063790625759755e-01
5.176851709058123419e-01
8.653018842896555984e-01
6.959878018953292722e-01
1.244621934350373271e+00
4.906541622934994518e-01
3.284385252646831455e-01
1.493091354967066575e-01
5.881262367954024350e-01
5.795309765073896058e-01
4.880369385252696923e-01
8.269230719401672314e-01
7.321394556688449740e-01
1.024282262872305171e+00
8.685151527991940013e-01
7.727295327437624373e-01
9.434067057426617220e-01
3.329963743964743927e-01
4.504333420515877484e-01
1.250723194409699424e-01
4.889529955738617373e-01
1.096164770683676487e-01
1.427481711457753710e-01
2.106114951563721416e+00
1.601164260299290376e+00
1.184557849131791185e+00
1.674594551341585635e+00
3.951808307073482185e-01
7.235332808168213337e-01
4.346384027951501472e-01
1.000126575074159030e+00
9.571843921010267930e-01
3.657982907910533044e-01
5.268814228327531879e-01
8.289617401806359531e-01
3.187004200197758874e-01
5.335503238558306771e-01
3.442641990645241568e-01
1.108525464242429565e-01
2.381766305095902592e-01
2.323334674962009849e-01
2.344318486518646161e-01
6.441321024985112442e-02
8.208031734788245881e-02
2.132445776471734722e-01
1.336735473953742925e-01
3.152306498273036994e-01
0.000000000000000000e+00
2.387365476353374150e-01
1.362590158514289385e-01
1.250586279365762943e-01
2.935562915222210689e-01
2.503922675384068208e-01
1.697474244459135639e-01
4.270260617146933724e-01
5.088768142138906381e-01
5.376802240081925977e-01
5.234658440636261179e-02
2.380867576452248002e-01
4.546203389873684220e-01
1.149331571607874691e+00
4.155363960359603204e-01
4.934511317904589633e-01
1.029642264714150990e+00
1.406858412127353075e+00
5.070431047537029556e-01
4.418140502894029042e-01
1.004403891048844644e+00
1.165689779524674785e+00
2.800361276155616252e-01
8.517910395840024851e-01
7.675800111740491705e-01
1.097110987681438887e+00
7.893765722499038739e-01
7.638302824187044315e-01
8.611001750807091293e-01
4.602388840496920985e-01
3.450810640477443569e-01
3.094220190664722092e-01
9.546872011463334307e-01
2.968452952171913295e-01
2.415795385430978826e-01
2.855407683393482721e-01
2.962272605392542446e-01
2.063855909255880028e-01
2.182774179379660257e-02
2.223055098931809581e-01
2.741880177045524780e-01
2.624999678950765136e-01
5.617553581429794995e-01
6.114656342045603488e-01
4.934834616968659660e-01
1.185960993480774217e+00
4.969855617957442684e-01
2.370945192366619159e-01
6.220529343390953647e-01
5.800224361111678828e-01
8.490121338948237728e-01
8.088674950128836860e-01
2.296071578673609948e-01
1.277125539145997080e-01
1.723832866161564004e-01
1.019493699703363093e-01
2.081815774072103553e-01
5.905505979247402948e-01
4.484385252646833075e-01
5.066151557742737399e-01
8.835190147181949394e-01
1.336475909964492503e+00
1.357170126002400945e+00
1.254732647962902181e+00
8.127207881369884479e-01
9.304733957959981927e-01
4.749002975502424895e-01
2.942778905689178992e-01
3.260782493539273186e-01
8.722380731399843601e-01
7.569093804357733823e-01
5.078966719467170599e-01
1.363871356931885881e+00
1.137453564519587124e-01
4.351802561131163927e-01
2.471028176688973566e-01
1.233244003052941018e+00
1.222950352985673783e+00
1.636123121576262829e+00
9.817817203829960482e-01
4.818140502894027177e-01
6.685952602880135265e-01
5.284111422558956939e-01
3.683125247847565120e-01
3.802755862594862646e-01
4.715204002221355384e-01
1.509834938017891592e-01
8.343096458810925764e-01
4.183399077935434085e-01
3.980512046238960377e-01
5.891551774137607778e-01
6.621356903486037837e-02
3.303785760340129940e-01
1.264935275977341345e-01
6.096027855639739590e-01
4.527257350346077236e-01
3.009845145705608016e-01
3.596252216751418818e-01
2.735152170090404122e-01
4.650997024497574017e-01
6.571613813956267425e-01
1.506722261012803932e-01
1.038626123251111533e-01
1.774095846463256687e-01
4.128610547155410759e-01
4.978204905867456009e-01
7.297517967493012403e-01
3.918277417937965357e-01
7.325674046482737456e-01
4.149276805590301209e-01
2.429783105886939576e-01
2.725869971427944627e+00
6.644400186644066064e-01
3.768907420337599956e-01
6.376714794014188836e-01
6.349314782681846348e-01
4.231547047828085883e-01
5.449183613580231844e-01
6.942280714489623694e-01
4.716206130562789478e-01
3.393228270011002801e-01
4.705960447413087833e-01
3.585557811378358717e-01
7.622726053925414635e-02
1.532582691515670392e-01
6.661735152904509905e-01
5.843415296129601810e-02
5.659271966310550767e-02
3.014305273577704836e-01
5.520118598259142750e-01
4.031360663807950773e-01
4.272063820376556520e-01
6.701479904165559276e-01
5.104690234926104742e-01
3.636862181309959419e-01
4.191244428703570502e-01
2.467510500494396464e-02
1.048060523824903695e-01
4.709341208563728731e-01
3.289075487572933332e-01
5.960278556397424765e-02
6.467504754552076962e-01
3.172468819566051090e-01
2.283256416949181467e-01
2.861054715541211380e-03
3.080506300296640410e-01
1.789666870782554431e-01
1.246931688127247695e-01
2.583262162891499236e-01
2.734971532012594464e-01
1.537727394607461551e-01
1.817011667196373192e-01
8.196306147473009229e-02
5.035469723212149251e-01
2.263582079168002525e-01
7.414694319137155043e-02
2.895216573063830179e-01
4.375317874170980836e-01
4.973810524490718254e-02
1.226128514648421597e-01
1.615702193420913979e-01
1.964386007715535065e-02
5.570841792668856235e-02
2.093271993044872326e-01
1.071570090922396717e-01
3.248597976312939672e-01
3.807670458632643751e-01
3.381815774072096659e-01
3.541792730977784132e-01
2.102662670584798388e-01
3.233289290196883492e-02
4.236417920831997419e-01
3.732259392451606761e-01
4.517588380972913792e-02
7.655183322281801095e-01
3.840253150148320582e-01
2.548822337424615503e-01
2.041288793835905335e-01
1.875044044083106209e-01
3.605676409637497692e-01
2.367691138572203258e-01
7.352890851343404921e-02
2.500444260477971414e-01
1.775268405194782295e-01
7.830320558374979922e-02
3.924644148737472249e-01
4.040066766128184717e-01
4.856015344122267818e-02
3.817104859206441048e-01
9.687705052936633476e-02
3.242197730167272751e-01
3.262316328426411172e-01
2.887321753319505024e-01
2.978111713857389820e-01
1.647874139804770544e-01
6.369038589439209863e-01
2.814348996611575893e-01
1.833525143193193430e-01
1.167554223528265850e-01
7.576802240081925710e-01
7.795250088409986233e-01
1.562102178864818169e+00
7.212541331636558306e-01
8.584248337602892187e-01
1.325703471029068936e+00
2.143052735777053186e-01
3.130999387652332877e-01
1.375437203970588440e+00
4.269181250425476137e-01
1.437941544169053065e+00
6.218047310883962897e-01
1.631800358785009841e+00
1.552396403526317803e+00
5.993271993044875234e-01
9.754772577149986024e-01
3.248822337424616680e-01
5.382407157281717813e-01
9.141683585337678775e-02
1.744277890568917355e+00
3.724775317839084665e-01
4.339358883250059307e-02
7.133388228149249999e-01
2.000663481494505014e+00
1.362546435480418705e-01
2.492740286499167957e-01
1.247526840519478819e+00
6.962185159324798533e-01
1.587047923231631186e-01
5.279788209730795767e-01
5.175317874170980437e-01
5.626298945038512578e-01
9.345802852429594410e-01
8.740570703270068575e-01
1.036980614898125097e+00
5.119493699703363543e-01
5.328380440101407878e-01
1.677938192634437886e+00
1.473245023821712962e+00
6.852437667374652319e-01
