1.184498710810829580e+00
1.071958689171342849e+00
1.227039178624855120e+00
1.162047987441475971e+00
1.297738916154615785e+00
1.382866130032853969e+00
9.504186297784222859e-01
1.058240876536779451e+00
7.918672209439738818e-01
1.815642291170563638e+00
1.140893046343191441e+00
1.986518901457892117e+00
1.614247316834122259e+00
1.508711495392394353e+00
1.076700656335251471e+00
1.606574081261092246e+00
8.959927487929491008e-01
8.510059299129568711e-01
3.737634202597391320e-01
1.449457443668108469e-01
6.138626123251106348e-01
1.095775854679885475e+00
2.021932009176480582e-01
4.608212372866072881e-01
1.397973427900920385e+00
8.405725878613692359e-01
1.025934185066219140e+00
7.082494603349464013e-01
2.554465231715957740e-01
1.045439373927825377e+00
7.106404707891054162e-01
1.176542325948918055e+00
4.277124233011291743e+00
1.273866984628497789e+00
1.345132639339311043e+00
8.349594358712046915e-01
4.795857425249647199e-01
5.749413720634235503e-01
3.552257029296844726e-01
1.736511112842062388e-01
9.715700909223988491e-02
1.994630935796532500e-01
9.545584237260233695e-02
1.398416696136661752e-01
5.895299557386168843e-02
6.027995856287350629e-02
7.055407683393479790e-01
6.134072803368945115e-01
5.293408908088811371e-01
9.947830416770903073e-01
1.990794428872052269e+00
1.773058864252051281e+00
3.311164260299290785e+00
2.808794665187527517e+00
0.000000000000000000e+00
5.408005183213094647e+00
6.193001321294093309e+00
2.002332892901969252e+00
1.663113630269627219e+00
3.266562302874543855e-01
9.171048592064395821e-02
2.190238884049692025e+00
3.105193947617509664e+00
8.415461878679190155e-01
8.328747462199347362e-01
1.547143317587845956e+00
5.682210565573874161e-01
1.440861291031017233e+00
9.614716018709518197e-01
9.611007496749417456e-01
6.378829804423233885e-01
6.407484074612513902e-01
6.888269950939348574e-01
1.086169717581296101e+00
8.140570703270065822e-01
7.143824757064477504e-01
1.044973701969831081e+00
7.272879564697862786e-01
1.338987399406724732e-01
6.561854506232356332e-02
7.694982004264434572e-01
9.819767529791236793e-01
6.376490432902505168e-01
1.152996948990706816e+00
7.872117751098149929e-01
1.091772975776222010e+00
1.219535348810776743e+00
1.089011559300591792e+00
1.386286398860215874e+00
5.494855296908212061e-01
9.512815161724432755e-01
6.572210943108201808e-02
6.359746849851680706e-01
2.110333129217444315e-01
3.942461352567430133e-01
2.306114951563720705e+00
2.078185949710596780e+00
1.952220583926435937e+00
2.594594551341585120e+00
7.886916754130014473e-01
7.312497608602688270e-01
3.939886128050378300e-01
1.379359529210894220e+00
1.621615666158658708e+00
4.030193851018746831e-01
1.405347331106223452e+00
1.007662160200411661e+00
3.797654882536948273e-01
3.608612910310169952e-01
2.149139890546366005e-01
2.110333129217446813e-01
2.866425387830612848e-01
2.667921245626206361e-01
2.537086542421643776e-01
9.739152083854492326e-02
6.494137206342390223e-02
1.215658470387039336e-01
1.024725848862893945e-01
3.583974507515019226e-01
0.000000000000000000e+00
1.418321140971834093e-01
2.300043723033872167e-01
9.715263678885269205e-02
1.471570090922392771e-01
2.571433175878461430e-01
1.858848121208030446e-01
3.284702805768571765e-01
5.143995187454579732e-01
4.973909462443116269e-01
8.234658440636262455e-02
3.034834616968662413e-01
3.647288502537469612e-01
1.093257694557334903e+00
3.600136915043936070e-01
6.141556877981458884e-01
7.552558628788548223e-01
1.166587772765485642e+00
4.540921771737965185e-01
4.462453243470356767e-01
6.708930463431915792e-01
7.399589254868184085e-01
1.294674658830407832e-01
5.617910395840025606e-01
4.685190789280420653e-01
6.798898933706181147e-01
4.769581787869571765e-01
3.436691750919870780e-01
5.133114398061383588e-01
2.740116235104378961e-01
2.621213918610640903e-01
3.266244749752800769e-01
4.884248337602894452e-01
4.102388840496923872e-01
3.701627026897205686e-01
5.172468819566049536e-01
3.219767529791238148e-01
2.650860109453638813e-01
1.182774179379660062e-02
2.207988011754390412e-01
3.559028759285837729e-01
4.268677313283598673e-01
7.226035322638353353e-01
6.556350135070999618e-01
6.472288181488237147e-01
1.302955299883293616e+00
5.841518900889912658e-01
4.014622826699454361e-01
5.023422121029751386e-01
4.555637790447486513e-01
6.506985883412960137e-01
5.447068603171186796e-01
8.791968265211762279e-02
1.327301073379948126e-01
2.507944288720521664e-01
1.319493699703363498e-01
2.588313673973224871e-01
4.973016479741795837e-01
7.690883152547952628e-01
5.981316298675616316e-01
8.364973253068885839e-01
1.421493463387887513e+00
1.147170126002400981e+00
1.119074049156169259e+00
7.827207881369884213e-01
8.202115010409053442e-01
3.220940088522763478e-01
1.963718994211943736e-01
1.063401441090196659e-01
7.758124284699863260e-01
4.198876910244667693e-01
6.682758225749619863e-01
1.191596581582107461e+00
1.537453564519587479e-01
2.889529955738616152e-01
2.871028176688974476e-01
9.044713278020419800e-01
1.084809850091645211e+00
1.318063746939824865e+00
9.217817203829962169e-01
5.350991278555252695e-01
8.350844155823603510e-01
4.280319916276502101e-01
4.477613522657841738e-01
4.271526367888526798e-01
4.160502917509070753e-01
1.254421508682087294e-01
7.040663895280132589e-01
3.289085695260655640e-01
4.487722290763599409e-01
4.034067057426621306e-01
9.378643096513968047e-02
3.504245974448135792e-01
9.362372827541842746e-02
3.414261550543831736e-01
4.068863697303730653e-01
4.170123702102997987e-01
2.614573357723259384e-01
3.892373264401228772e-01
3.950536810389566611e-01
3.003468207218381592e-01
1.006722261012803765e-01
1.205325341169597858e-01
1.338987399406727508e-01
3.128610547155409871e-01
7.083804077124924437e-01
5.714305273577704458e-01
4.106815453022865658e-01
5.049320528624169357e-01
4.146931688127247773e-01
2.927437988423886583e-01
2.397576085045201477e+00
3.876802240081926310e-01
4.357445455422501723e-01
6.483300139983050325e-01
4.325503616092644665e-01
3.954645869793767532e-01
5.655407683393480767e-01
2.313670167334213601e-01
6.475772342336661991e-01
2.319219869615488372e-01
4.543414011932669361e-01
4.540707618313997163e-01
1.633662058237131676e-01
1.832582691515670104e-01
3.520128805946855510e-01
5.156584703870398245e-02
1.570353809156998792e-01
2.381629390051968609e-01
3.037541010587326284e-01
2.505369064203466500e-01
2.685694726422295231e-01
3.272869357010147473e-01
2.717686034728346023e-01
3.636862181309960529e-01
4.391244428703572344e-01
5.324894995056052467e-03
6.684529521719191625e-02
3.809341208563728487e-01
2.503878952350199749e-01
3.960278556397422989e-02
6.309023655441982070e-01
5.951802561131163127e-01
1.359609934807747555e-01
2.861054715541211380e-03
2.217061136172571167e-01
8.920119882456058191e-02
7.767147940141841400e-02
1.210513767295251508e-01
1.599863084956062720e-01
2.052169583229098704e-01
1.662409520436479160e-01
1.219630614747300168e-01
6.703067669774287474e-01
1.401309473775466663e-01
1.065028467987405997e-01
4.395216573063830401e-01
2.492466456411290276e-01
9.026189475509288629e-02
1.226128514648421597e-01
2.287091646265498879e-01
2.035613992284468488e-02
4.647546378995325023e-02
2.156092258613164503e-01
1.800180638077806261e-01
3.861955052270801270e-01
2.236281005788057497e-01
3.383623439047114823e-01
2.501807664975020939e-01
1.231273217740210812e-01
6.519394761750996192e-02
3.763582079168001915e-01
4.215384640299164598e-01
7.494137206342375845e-02
4.150493087355694444e-01
2.340253150148319805e-01
1.948822337424616635e-01
7.088867403980421422e-02
1.830906195642266199e-01
3.005676409637496049e-01
2.275361597204853537e-01
6.385329312410428781e-02
3.305232149159527122e-01
1.715976023508785919e-01
3.051447030917885800e-02
4.696394877737676277e-01
4.800268084145550285e-01
1.350766917443572412e-01
5.101402665785528256e-01
1.122112647254289441e-01
3.005369064203465834e-01
2.584341529612961263e-01
2.931547047828083619e-01
1.691918796235540312e-01
3.340477511259998256e-01
6.692597625512904935e-01
1.879240549555044604e-01
9.431896508209905439e-02
6.675542235282659609e-02
8.198914887336213875e-01
7.395172850029962941e-01
1.306145557687431014e+00
3.861818137226858960e-01
5.854465231715957341e-01
5.948816591482291027e-01
3.020852642455023052e-01
3.680736407350641004e-01
6.955544598437413129e-01
3.697791797580885498e-01
9.009111101509723607e-01
4.706497899901121440e-01
1.157405212342938583e+00
1.277269318067772774e+00
5.823328929019686573e-01
9.718765401449802610e-01
3.726084791614551195e-01
3.075361597204848696e-01
1.414168358533767766e-01
1.679350210009887601e+00
2.396164770683673340e-01
6.339358883250062471e-02
6.408656633344038678e-01
2.844941372063423124e+00
1.219767529791240118e-01
3.221350833654580414e-01
1.293366205823712978e+00
7.920578812367146115e-01
2.638943676372859648e-01
8.313362821900184274e-01
7.929646190842998266e-01
5.170524239547095169e-01
1.188263151839340281e+00
1.464960010465437223e+00
1.323019385101874779e+00
6.437453564519582949e-01
6.821882540200286948e-01
2.202522978600477188e+00
1.592938256844284250e+00
9.072117751098147664e-01
