7.965115914055148627e-01
9.756503003744979585e-01
1.114314018184479949e+00
1.040413108286570631e+00
1.180717226743309256e+00
8.174408937839613420e-01
6.032719606559610037e-01
7.585585580782188142e-01
6.036719520323701182e-01
1.214938755931648018e+00
7.129947790334701940e-01
1.941391815999347292e+00
1.211578963948865217e+00
8.649780742732177119e-01
7.666907625400122273e-01
9.765915704746409576e-01
6.819767529791237459e-01
4.766020388641118988e-01
3.144679762674261747e-01
2.184565890724640413e-01
4.274907129039164366e-01
9.125991599604482696e-01
1.489891231894237000e-01
5.924090742619398942e-01
9.175481274421815048e-01
5.226665967136454594e-01
1.631979529919506344e+00
8.776073941828367309e-01
2.444175825532383939e-01
1.091717060570181586e+00
3.633568866227064875e-01
9.862179413382474724e-01
3.697006977138138861e+00
1.041005929912956818e+00
9.777153308549827448e-01
6.269088058415409614e-01
5.619942421926722442e-01
3.276304048882370257e-01
2.311823241070718182e-01
3.009698022973954501e-01
2.084478444656895357e-01
2.127569157525499022e-01
4.766710709803125001e-02
3.206360984857182794e-01
7.246384027951499607e-02
1.581585667018096386e-01
6.531848647319791201e-01
5.159429296729937109e-01
2.757401732388627402e-01
5.661100046661019514e-01
1.075604853557929674e+00
1.187246881956604883e+00
1.591164260299291255e+00
1.828352003934933023e+00
0.000000000000000000e+00
5.051516027918747653e+00
6.373001321294093025e+00
1.986817912208404424e+00
1.826624474975279799e+00
6.077486815301611500e-01
1.410606959305318042e-01
2.279914499439020581e+00
2.909887116430232901e+00
8.229279168745056161e-01
7.427301073379948271e-01
1.711619592287507263e+00
5.732035031339922648e-01
1.508325641694918229e+00
7.401720218907272830e-01
5.115434109275363017e-01
8.796789669239455378e-01
6.034648232948524038e-01
4.995041680928344885e-01
5.045808598371919196e-01
5.788861334148969195e-01
4.902130964039083660e-01
8.438626123251110611e-01
3.315658470387041201e-01
1.125630323448869041e-01
4.865934550659478663e-02
5.399331378410352489e-01
2.446931688127248761e-01
3.342280714489624383e-01
6.145124023152228609e-01
9.327257350346077613e-01
6.949320528624174376e-01
6.503023946740414951e-01
7.526221706658487998e-01
8.906355238914854811e-01
2.927344796413815509e-01
4.612815161724433954e-01
1.950723194409700323e-01
5.224638402795149794e-01
1.238943676372854796e-01
1.977569799623962454e-01
2.213081874957452566e+00
1.350514470309178261e+00
1.499251017944515985e+00
1.785334214196062863e+00
4.661100046661013629e-01
4.528660016131606514e-01
5.688264204997025564e-01
4.905144703091788294e-01
4.790976344558013911e-01
4.274857660062970077e-01
4.683793869437210544e-01
6.398734249258406503e-01
2.558119822954471601e-01
2.552838204818749235e-01
2.230007466998620291e-01
1.364573999821723227e-01
3.277613522657834011e-01
3.270353809157000025e-01
1.952701289774813609e-01
7.609194085832091115e-02
2.143052735777035631e-02
8.961647706836772809e-02
2.260020679939555022e-01
3.721077003566701791e-01
0.000000000000000000e+00
8.775260765900939897e-02
1.400043723033871923e-01
1.821975732210351917e-01
1.814622826699452962e-01
2.203922675384067942e-01
2.142872097699245748e-01
4.436872388997673555e-01
2.996164770683678591e-01
1.158207269022210606e-01
5.948552969082161745e-02
3.050098295853924668e-01
2.839705489972565444e-01
3.579333741565116078e-01
1.949139890546358611e-01
4.811226111918769921e-01
4.233350251057709235e-01
6.220402636034729760e-01
2.594460505406442352e-01
4.120846896512704305e-01
5.794400828742529708e-01
6.057358009354758543e-01
1.758754929197966776e-01
4.329646190842999509e-01
4.302065541432854578e-01
5.676611394316400938e-01
5.287267822597920830e-01
3.833174074725291813e-01
6.405862793657626231e-01
2.110958027773219836e-01
3.175454789214915419e-01
1.184478444656898721e-01
2.288039843885343316e-01
3.309424192886083471e-01
2.627334588726102371e-01
1.467230924464193731e-01
1.712995799802242980e-01
8.898475088603642613e-02
5.182774179379659452e-02
1.371159345790583239e-01
1.840971240714163182e-01
3.524999678950764825e-01
3.736324728821930341e-01
2.977476607613900317e-01
2.610376852251314883e-01
7.561056323627141085e-01
4.718507524991967239e-01
2.744405932586391206e-01
5.031092579662399533e-01
4.710239937207378325e-01
1.033759047956351873e+00
4.047068603171186663e-01
1.889573678772489274e-01
1.781815774072101899e-01
1.009829192075568927e-01
4.194936997033632542e-02
1.832626414549544391e-01
4.439979320060445933e-01
3.659653657841617780e-01
4.592504433502840877e-01
7.911269834952642244e-01
1.002558531621806859e+00
1.254309071286860089e+00
1.104732647962902048e+00
5.227207881369880793e-01
7.086500263055883764e-01
2.742505075601303077e-01
2.000000000000004552e-01
9.884943120510310266e-02
8.622380731399844622e-01
7.998876910244671068e-01
4.976260325848500532e-01
1.088970038612871560e+00
1.566064111674998482e-01
3.541699538967721939e-01
3.114255804601510080e-01
8.830358535466515946e-01
1.060684322242669841e+00
9.337584733621200339e-01
7.883070032929050397e-01
4.344493378654129545e-01
5.808152696202166787e-01
2.624271380697207334e-01
2.987902928841411065e-01
2.278649166345425581e-01
4.695885194653476868e-01
2.503160861784349822e-01
6.871433175878459698e-01
4.425366701048713547e-01
4.773367548209693223e-01
3.926934051282004456e-01
5.258546845605445441e-02
4.914075166523704241e-01
8.584373760762176175e-02
3.596027855639739590e-01
4.216332837919009591e-01
4.245578491317915093e-01
2.814573357723260116e-01
3.561417599782762955e-01
2.612995799802241836e-01
5.475405320238720952e-01
1.706722261012804109e-01
1.463718994211941349e-01
1.380593746364377761e-01
3.628610547155410315e-01
3.478204905867455232e-01
5.192192626323415272e-01
5.702662670584796034e-01
6.325674046482738788e-01
3.979059911477237366e-01
3.027437988423885562e-01
2.125599332066077984e+00
6.809291739587532977e-01
3.527662349535564124e-01
5.985645257446104983e-01
4.492817524879194058e-01
3.623690205175303380e-01
5.387809736831341567e-01
4.042280714489623339e-01
4.267828053616141148e-01
3.193228270011003178e-01
3.086466747709722958e-01
4.322112647254293671e-01
1.416787306084693332e-01
1.118140502894028193e-01
2.668233052805629724e-01
5.843415296129606668e-02
1.165927196631055540e-01
3.889299848684611982e-01
2.637541010587327595e-01
3.787135369299374221e-01
2.796882861249515018e-01
4.407977804066680050e-01
2.200898728643651825e-01
2.470885515702712365e-01
4.054963422915516258e-01
1.532489499505606048e-02
3.684529521719188960e-02
2.813132714846179883e-01
1.424183934629468795e-01
4.116426029929076691e-02
7.192323795425030752e-01
2.137634202597397948e-01
2.198871164302347025e-01
2.286105471554122914e-02
1.726890328248135431e-01
4.831689708814332351e-02
5.194936997033637593e-02
3.720803173478824388e-01
2.272698926620050908e-01
1.549276805590300010e-01
1.545622214351784485e-01
1.196306147473003012e-02
3.383935246226540960e-01
1.706360984857179242e-01
1.041469431913715354e-01
2.101714472964950620e-01
2.075317874170981569e-01
1.973810524490715590e-02
1.089799324081100994e-02
9.401599581382531767e-02
6.035613992284460938e-02
6.647546378995325411e-02
1.210333129217443654e-01
1.649457443668110590e-01
3.669811894923578066e-01
5.362810057880569581e-02
2.906273538789442834e-01
2.860113871949624964e-01
1.031273217740210635e-01
8.519394761750997969e-02
4.114031443489827300e-01
2.523142544999555925e-01
5.712525378006529098e-02
4.850580533423442531e-01
1.540253150148320482e-01
4.448822337424616080e-01
1.366107834708863711e-01
2.350038619190012446e-01
2.889075487572934642e-01
2.766157303685062852e-01
9.152477252552274067e-02
1.300444260477973679e-01
3.531316940774077984e-01
5.051447030917888270e-02
4.475367343147171884e-01
3.095129126996092328e-01
1.007714181666518327e-01
1.997884989590954508e-01
1.645759129395722442e-01
2.302388840496923106e-01
3.202115010409042339e-01
2.373153394785737225e-01
3.545622214351784041e-01
8.690880584154071775e-02
2.621208172668314518e-01
1.045304661230040261e-01
4.984166961366619242e-02
2.610563236271448012e-02
2.342866351756920928e-01
3.389573678772490051e-01
6.306952368066809367e-01
3.696926584283390937e-01
5.044088379464640726e-01
3.844499124596453821e-01
2.472649457643857629e-01
2.816557199030690350e-01
6.386149194587972255e-01
2.777125539145997024e-01
9.959834295919424152e-01
5.509829192075567095e-01
1.033127321774020890e+00
9.753473311062241802e-01
8.655270768349541122e-01
1.108691100818769204e+00
4.589803785826493399e-01
5.272468819566047404e-01
2.141683585337678108e-02
1.614575912939571811e+00
3.732445776471733923e-01
9.690443353815371419e-02
7.258207269022211028e-01
2.114146943191371530e+00
1.633935888325006025e-01
2.478571927965397270e-01
1.447463329895129380e+00
6.445671683327977020e-01
2.562228882358669746e-01
3.853796610126312139e-01
5.550586279365762321e-01
9.926298945038511956e-01
1.053957878261634784e+00
4.566661240826940249e-01
1.561141249593890112e+00
8.973460740219765253e-01
6.604382889492073083e-01
2.274850478430287204e+00
1.802766234953556479e+00
8.503698314272386538e-01
