3.475954264611403888e-01
2.241250816744360386e-01
4.716985181989474807e-01
4.907517266069526540e-01
2.874518083479716268e-01
7.238434953596442067e-01
2.476155318064643396e-01
3.350540948245816497e-01
2.411571110555205677e-01
4.531130232864805096e-01
3.525925853109109220e-01
8.273820084400168584e-01
4.343818687233018672e-01
3.670742530827305061e-01
4.596636476676331795e-01
6.957928653299808586e-01
1.711648348935232156e-01
2.551403307883993721e-01
8.673298624165849680e-02
8.673298624165858006e-02
3.620042644076039706e-01
3.028348208952181264e-01
1.140165704080574743e-01
2.166617517793068826e-01
6.488961556298290523e-01
2.424419787625793909e-01
7.925088085326299492e-01
1.493234015953329163e-01
1.100049468976195266e-01
4.191946241750227897e-01
1.031322686716403814e-01
1.067603692504461438e-01
1.208892486340365086e-01
1.095178595972282204e-01
4.851752768265823468e-01
9.179161417823480940e-02
3.389086979457583970e-01
6.611495156372135251e-02
1.091343366655960628e-01
1.175411066181040881e-01
7.298762978970005366e-02
1.572430842474499268e-01
4.427351826553067166e-02
7.183706099480315077e-02
7.536159720484936209e-03
2.184143329819036167e-02
2.252449159259298228e-01
1.229832574863129191e-01
1.636286751730381961e-01
1.350909578429834723e-01
9.064104538333778160e-02
1.021580940708580465e-01
9.950416809283452180e-02
1.222890414484044119e-01
6.307750265406518453e-02
1.276583624912569492e-01
7.344398254668860204e-02
4.856510033884248873e-02
9.283861860437341018e-02
2.976111595030783707e-02
8.606950474715265031e-02
8.760359647368209934e-02
1.677131285088322432e-01
1.372885310640182821e-01
9.409275176802855967e-02
1.182045881126106562e-01
3.196176262568324877e-01
9.043391664581985900e-02
1.699107017298674416e-01
1.650592025308094402e-01
1.810749620291578488e-01
1.987283776227958820e-01
2.004388635434397048e-01
3.404848849542406186e-01
2.170452747109390679e-01
4.340905494218783023e-01
8.739646773616445430e-02
7.194062536356217452e-02
2.355191921883437178e-02
2.136971326950070915e-01
8.205788123671459156e-02
1.193551569075074342e-01
2.516886244037083720e-01
1.262278351334864546e-01
1.694543489728789765e-01
2.608624402194816283e-01
2.946351796802275658e-01
2.016929967070958396e-01
1.031322686716405340e-01
9.915137970460535799e-02
1.507231944096987242e-02
4.723813734983044188e-02
8.966687078255583532e-03
6.374098414857139183e-02
9.109739814032620508e-02
9.454910452501713580e-02
9.245509567274047547e-02
2.112196009110983153e-01
1.770940730621230752e-01
1.871077645665165379e-01
1.431142048638594233e-01
1.321570733020862864e-01
1.872841587606313973e-01
9.835359929793736911e-02
1.133530889135526826e-01
1.124824786815283167e-01
6.049640650139774534e-02
1.295452426060158535e-01
9.493262745664934887e-02
8.188148704260045374e-02
1.064804106875724687e-01
1.380555769272830968e-01
1.470222640055388053e-01
3.921489032895464355e-02
1.726989266200507078e-02
3.129520767683706406e-02
1.075274151137106393e-01
1.739223252403052922e-01
0.000000000000000000e+00
1.022923929830195089e-01
6.660203886411231178e-02
1.782980978775226821e-02
1.695579133416380557e-01
1.060968877559405055e-01
7.452172151622978025e-02
1.837596225505846448e-01
1.131459601760343714e-01
1.847030626079644577e-01
3.558678975014872847e-02
1.043864018352963496e-01
1.525372446991041242e-01
2.085656749330752069e-01
7.832621628915048539e-02
2.693113054539433282e-01
2.443288588773379899e-01
2.782051627068425903e-01
1.563417394720237885e-01
1.025723515458928231e-01
1.387190584217891931e-01
1.804114805346523909e-01
1.286018025486366512e-01
1.619181892523938737e-01
2.504344912400526812e-01
3.023477335948268618e-01
2.131064810258565534e-01
1.458716952106416942e-01
2.310398551823679425e-01
9.444554015625822307e-02
9.196800837234972437e-02
7.452172151622971086e-02
1.435705576208480272e-01
7.937322071528829515e-02
6.112915345250056337e-02
1.763998570242140684e-01
5.093906775399252573e-02
4.762166028146293945e-02
1.182774179379660062e-02
1.261242707647276806e-01
6.963948777376824384e-02
1.378791827331687092e-01
2.522792760728585493e-01
1.905287364078047940e-01
8.491893595225545599e-02
1.541749007943913619e-01
1.717247520192700661e-01
6.629134575783568462e-02
7.260410685806781284e-02
1.834796639877110114e-01
2.365127405939791705e-01
1.674331699459589151e-01
8.921051802556764776e-02
6.688199742698600070e-02
1.026451813712488115e-01
2.805063002966367430e-02
1.647792439679355569e-01
1.277619268600161673e-01
1.156234919599424676e-01
2.664081554564489696e-01
2.729701405761518762e-01
2.990303261222976849e-01
2.983361100843889835e-01
2.390938367466471370e-01
1.463587825110326812e-01
1.398696272166860266e-01
1.091343366655960073e-01
6.831252478475616230e-02
3.569035411890761345e-02
2.092598909709835475e-01
1.754564169668346718e-01
1.371121368699039778e-01
2.698291272977372812e-01
8.108370663593232608e-02
9.092100394621145665e-02
1.085744195398489487e-01
1.991119005544282061e-01
3.708673871171005998e-01
3.137498571750384491e-01
3.702039056225947533e-01
1.851901499083551395e-01
2.121630409684774066e-01
1.280418854228896619e-01
1.818420078924226913e-01
1.544548593572649120e-01
2.263954847208271559e-01
8.617306911591181284e-02
2.152312244215364712e-01
1.286018025486360683e-01
2.447123818089706471e-01
2.232544714424128940e-01
5.390368683829234453e-02
1.189716339758747909e-01
5.362372827541839193e-02
1.082944609769754263e-01
8.617306911591139651e-02
1.979613317595312616e-01
1.673603401206022467e-01
8.014026657855299884e-02
1.595134872938415160e-01
2.517921887724672292e-01
9.932777389871960683e-02
3.970197762934547792e-02
7.194062536356221615e-02
8.338484422572625676e-02
1.975049790025426577e-01
1.775504258191109574e-01
1.026759159146520273e-01
1.411965902056978583e-01
5.191324235477465243e-02
6.203049822792723600e-02
3.528304485918309918e-01
1.835832283564695633e-01
1.008618656252494028e-01
1.509303231472175488e-01
2.250685217318152687e-01
1.076309794824696492e-01
1.145764875338044220e-01
2.395809240470380963e-01
1.009346954506053079e-01
6.391737834268590435e-02
1.997753820489337750e-01
8.910695365680885993e-02
4.884505890171574050e-02
4.361003677102484599e-02
1.633487166101645904e-01
2.843415296129601921e-02
8.118727100469090574e-02
7.679212456262088371e-02
8.624589894126724610e-02
1.341475177856036871e-01
8.481537158349676531e-02
1.227032989234396465e-01
1.215527301285425077e-01
9.291144842972870466e-02
1.729060553575698655e-01
4.675105004943947741e-03
3.052816181357246098e-02
8.634946331002646414e-02
7.822265192039135062e-02
1.116426029929074026e-02
1.966343687705194576e-01
1.563724740154270598e-01
9.025752245170552690e-02
2.861054715541211380e-03
1.085744195398493928e-01
2.920119882456061536e-02
3.530683118727524772e-02
9.416558159338468681e-02
3.234221210297515137e-02
1.244137848440837191e-01
5.829883328036260248e-02
1.803693852526988550e-02
2.698291272977371147e-01
1.216562944973015870e-01
2.585305680862848288e-02
1.098285527035047365e-01
2.180194493117216803e-01
4.026189475509278637e-02
2.738714853515783129e-02
9.064104538333810079e-02
4.273942653900131283e-02
4.291582073311470125e-03
6.297393828530677140e-02
5.791531034873000083e-02
1.499868830898385408e-01
3.147160187095195127e-02
1.462859526856769843e-01
1.293688484119008275e-01
2.117795180368442498e-02
3.778436297118403786e-02
1.456645664731245626e-01
1.534078549311262418e-01
2.299200209308746579e-02
2.499781384830644104e-01
6.803256622188301461e-02
5.372729264417733241e-02
5.857879184323618038e-02
9.186444400359071449e-02
1.244137848440835387e-01
9.112813268372937925e-02
5.847522747447726071e-02
1.101813410917342195e-01
9.713020067768471377e-02
2.051447030917885606e-02
1.839360167446994487e-01
1.867242416348848522e-01
6.297393828530656323e-02
1.427306819322268217e-01
5.191324235477449978e-02
1.175411066181044489e-01
1.736423666774322694e-01
9.960773246159333738e-02
1.115390386241489340e-01
1.211692071969102114e-01
2.111467710857424240e-01
4.856510033884247485e-02
5.313664097502742573e-02
6.105632362714483174e-03
1.410201960115834430e-01
1.630380235038879355e-01
2.981597158902744571e-01
1.363450910066391075e-01
5.390368683829235841e-02
1.787738244393639875e-01
1.179246295497369673e-01
1.274512337537394013e-01
1.894817319816665402e-01
7.051009800579149944e-02
3.252361713191558867e-01
1.119953913811370799e-01
1.673603401206027186e-01
1.619910190777499315e-01
1.266841878904746976e-01
1.743058481719377828e-01
2.623657974026080697e-02
1.376720539956510780e-01
8.583164146623217805e-03
9.636315481442013497e-02
1.182774179379657981e-02
2.309556646184629525e-02
1.119953913811373714e-01
5.620482442808630991e-02
4.026189475509266147e-02
6.381381397392711652e-02
1.438812507271240160e-01
1.452082137161360975e-01
9.179161417823501756e-02
1.758399398984672179e-01
1.975778088278987155e-01
1.362415266378805834e-01
1.629651936785322941e-01
2.237415587428035479e-01
2.208805040272623921e-01
1.280418854228895231e-01
1.715483578251555397e-01
4.546357542744597358e-01
4.479394702425953390e-01
3.361204730555731324e-01
