7.867822307673816296e-01
1.288926633333845384e+00
1.225748343251404693e+00
1.662111498065824922e+00
1.321403144348983316e+00
6.926665967136454993e-01
5.848060523824901713e-01
3.561707383500675728e-01
5.182675241427272539e-01
1.564958415102432721e+00
6.057768754486569929e-01
1.833104311068620484e+00
7.580912907572198156e-01
6.918902316493740212e-01
7.662217390474022061e-01
1.105688630336210565e+00
9.407757904700390084e-01
5.897972435658694890e-01
6.479788209730794613e-01
4.453610226106177739e-01
6.858842375265706837e-01
1.086327027198858319e+00
3.832308861427796143e-01
8.627070966325942614e-01
1.446006311877650052e+00
6.459703126817810670e-01
1.765582289027068486e+00
6.799359147814185711e-01
3.757171625334626563e-01
1.476338994920554537e+00
4.362179413382475390e-01
1.196217941338247437e+00
4.197006977138140194e+00
1.033866984628497798e+00
1.048663143215749383e+00
7.699956276966128943e-01
6.034384610548365613e-01
4.212858884758304834e-01
3.323098821965683181e-01
3.632259392451607227e-01
1.642872097699242528e-01
1.549594358712045317e-01
7.778436297118385134e-02
2.271252537800651783e-01
2.104700442613826467e-02
1.381585667018096486e-01
8.737173988489385090e-01
5.648504784302869064e-01
2.893496354156553929e-01
5.369669233937314212e-01
8.880780130384513527e-01
9.807577266622580225e-01
1.541164260299290767e+00
1.765373693346239614e+00
0.000000000000000000e+00
4.958005183213094469e+00
6.213001321294092882e+00
1.388884538051893047e+00
2.183113630269627237e+00
6.036505366899733716e-01
2.110606959305319219e-01
2.701331335292397107e+00
3.177522468216089635e+00
6.943995187454575779e-01
9.328747462199347140e-01
1.995960993480774270e+00
4.391250174645895399e-01
1.556286398860216469e+00
8.023910104541592814e-01
6.784018230548891637e-01
8.170260617146936077e-01
5.073548186287508699e-01
3.994668912888081347e-01
4.470353809156999425e-01
6.634237487816709855e-01
5.375405320238725304e-01
5.460366002465131263e-01
4.029826828920808901e-01
2.713269629890117107e-01
1.313406544934052067e-01
4.165022722045079728e-01
2.752520651696995779e-01
3.230281297086489145e-01
6.320304982279271178e-01
6.661193238671080374e-01
7.042822628723051093e-01
7.616293576630531748e-01
7.088307928030901373e-01
7.895890940595797769e-01
3.594855296908214259e-01
5.412815161724432445e-01
1.350723194409699235e-01
3.331136302696272589e-01
1.467554223528265422e-01
2.477569799623962898e-01
2.130275586259486431e+00
1.548185949710596754e+00
1.254440593258638437e+00
1.564594551341585316e+00
4.397742328604692941e-01
5.036505366899736158e-01
3.194762104898148936e-01
6.093047631933198316e-01
6.817603050405987020e-01
4.689573678772485654e-01
5.770885515702706137e-01
9.398734249258406948e-01
2.955774705491420740e-01
2.725126386306989668e-01
3.137316649475647146e-01
1.344269017542452649e-01
2.474095846463256199e-01
1.711686326026776173e-01
2.362091967314733920e-01
6.662447497528023455e-02
5.726989266200510631e-02
9.675542235282653947e-02
2.360020679939555110e-01
2.602569478574732753e-01
0.000000000000000000e+00
1.380506300296636124e-01
2.200043723033872911e-01
6.561854506232331352e-02
1.871570090922393126e-01
2.003922675384068874e-01
3.024912232883027463e-01
4.458711206164090446e-01
2.194444551776402741e-01
3.712809415782100109e-01
9.311363026962679590e-02
3.580867576452248513e-01
3.653709164058570602e-01
2.440521234293864250e-01
2.490121338948236840e-01
4.452120114252907102e-01
4.560141641353451236e-01
7.899265955804120054e-01
1.961588030172857211e-01
3.807851096710458960e-01
4.934560786880783367e-01
4.786680901133683053e-01
1.387551860373508195e-01
4.855999066603098879e-01
4.862804311938250246e-01
5.875262659252461495e-01
5.795113173366057691e-01
4.995523918497862814e-01
5.076714794014186571e-01
3.633070675027508800e-01
4.972835841663993395e-01
2.478067990823518418e-01
3.771964882424168053e-01
3.229465552765193870e-01
2.004049382740289986e-01
3.320025406249075273e-01
4.156947264222945471e-01
2.596345408761485674e-01
6.182774179379660340e-02
2.040477511259998489e-01
1.686456540022006900e-01
3.839080591416786925e-01
4.205095234115585612e-01
2.975405320238723172e-01
3.654328316672021959e-01
7.830725557564460759e-01
4.688724419105034236e-01
2.395754025551864452e-01
5.973871485351579524e-01
4.304103313461874469e-01
1.130410331346187736e+00
3.720265720990789671e-01
1.496071578673609515e-01
1.926402344736296568e-01
1.705325341169596776e-01
4.194936997033632542e-02
2.139124314450665809e-01
4.006678537978929922e-01
3.686817816177628826e-01
3.687814198576737645e-01
7.264973253068885972e-01
1.161493463387887726e+00
1.230563714834901790e+00
1.129074049156169046e+00
6.927207881369881193e-01
7.711231857861101657e-01
3.362546435480416873e-01
1.727437988423888848e-01
2.533618335203260963e-01
7.522380731399844755e-01
8.898876910244668537e-01
4.858300461032281636e-01
1.146966923393732074e+00
1.782665033739556648e-01
2.451802561131162517e-01
3.554514700692154583e-01
9.232713860617285384e-01
1.008077438444219265e+00
8.862677604582028801e-01
8.117817203829958972e-01
3.541874431103203547e-01
5.207253967558513885e-01
3.241332516869777081e-01
3.599452339824254499e-01
3.271526367888526465e-01
3.319170400639292473e-01
1.816332837919012455e-01
5.436138344801795252e-01
3.592603371455231343e-01
3.661270477051107863e-01
6.095978386663546411e-01
1.490746237504013139e-01
2.614075166523703309e-01
7.584373760762175287e-02
3.396027855639738857e-01
4.916332837919010212e-01
4.166332195820542927e-01
3.539304952528478654e-01
3.633979611358882367e-01
3.316874752152432770e-01
2.390658791436272024e-01
2.406722261012804731e-01
1.293502100098877228e-01
1.151895753141227857e-01
2.277887352745709693e-01
5.272068282121956662e-01
4.982801948783494583e-01
5.414124635499896199e-01
5.325674046482736790e-01
3.379059911477237388e-01
3.027437988423885562e-01
2.117576085045201673e+00
6.411910687138459020e-01
2.468907420337599912e-01
6.240433788226129597e-01
4.387863667552928115e-01
4.132807052627351929e-01
4.301978095365109889e-01
5.142280714489624316e-01
2.653659695082376535e-01
3.793228270011002601e-01
3.948191692926517060e-01
4.414716018709519685e-01
1.172562011576116503e-01
8.364616438658678543e-02
3.638176116830817430e-01
2.843415296129601921e-02
1.206360984857183516e-01
1.732078754373791718e-01
3.367324116474263440e-01
2.487135369299374454e-01
3.130818749574522109e-01
4.607977804066680227e-01
5.262272605392538383e-01
2.405632686603623172e-01
3.418408587039583058e-01
1.532489499505606048e-02
1.602388840496924982e-01
2.837951755719139713e-01
2.650175534233952246e-01
6.116426029929078467e-02
6.632396307495537213e-01
3.370123702102992835e-01
1.844269017542451705e-01
1.713894528445880638e-02
2.338987399406723677e-01
1.207988011754393964e-01
3.232852059858160043e-02
2.560963131617078892e-01
1.899863084956063541e-01
1.770129448045323350e-01
1.585420896334419072e-01
1.319630614747300257e-01
5.135469723212148230e-01
1.648328607970452608e-01
9.414694319137152656e-02
4.235015255046465921e-01
4.628747462199346852e-01
3.973810524490716672e-02
4.089799324081100362e-02
9.870916462655000834e-02
9.964386007715542171e-02
2.352453621004680501e-02
1.754284593638147371e-01
1.700180638077807005e-01
1.911505687948971133e-01
1.536281005788056875e-01
3.632538968481802688e-01
4.760113871949624431e-01
1.102662670584798610e-01
1.051939476175099974e-01
3.065740812610922017e-01
2.989480486762425282e-01
6.998630849560648348e-02
5.928654270189284148e-01
1.203972144360262869e-01
3.448822337424616302e-01
1.608886740398042248e-01
1.350038619190013500e-01
3.205676409637497337e-01
3.406678537978932719e-01
4.152477252552274484e-02
2.438455692861015156e-01
2.625991599604483029e-01
6.830320558374980422e-02
3.441332516869775038e-01
1.807938542778196322e-01
1.185601534412226432e-01
3.964310377421564890e-01
5.961210476498035593e-02
2.837146219085553422e-01
4.079914917087015813e-01
2.761330153715018665e-01
1.551758838097287985e-01
1.577931075779580306e-01
4.336549089933606771e-01
6.609194085832073573e-02
8.919187962355409893e-02
1.610563236271448512e-02
3.014529634689383508e-01
4.840296873182189930e-01
4.477881606803388315e-01
3.763264526046259384e-01
4.347967331814834857e-01
3.255862151559162365e-01
1.964978999011210148e-01
1.532358330403991442e-01
5.697698605570815644e-01
2.469181250425474816e-01
6.428418417192953704e-01
5.977339692569960672e-01
1.098641281698813588e+00
1.268713536929937158e+00
5.216557199030690262e-01
1.101552155534310184e+00
3.848822337424616657e-01
6.310470044261378142e-01
2.141683585337678108e-02
1.434277890568917302e+00
2.703835229316322586e-01
3.690443353815369559e-02
6.585020358890315562e-01
1.999869052622453403e+00
1.497654882536949283e-01
2.659703126817807850e-01
1.423538227714440829e+00
6.320578812367148025e-01
2.289393040694679693e-01
3.703884698292515543e-01
3.561861860260729373e-01
9.335689622578436930e-01
9.385327704324352149e-01
5.388861334148971061e-01
1.293767792563126129e+00
8.962272605392542779e-01
7.999769892945997052e-01
2.418956347108477178e+00
1.639815307373650111e+00
8.637809094732876725e-01
