4.895709018321061645e-01
3.836285467533452342e-01
5.439337183677697141e-01
5.312173025341687671e-01
4.795544333873295595e-01
8.171699975827081408e-01
3.901423081160961259e-01
4.083391723907038862e-01
4.015087502552853183e-01
8.711272688611964021e-01
3.746481681706956279e-01
7.947509971366144566e-01
4.183584177758639666e-01
6.055213945344947168e-01
5.252563090533943768e-01
7.547045619401888672e-01
2.002793839686411170e-01
3.798147327794181294e-01
1.453610226106179237e-01
1.510831320416999302e-01
5.037178450234778282e-01
4.429968205710139717e-01
1.560108126007301588e-01
2.625087125018509271e-01
9.166735910813104127e-01
3.355461614115066715e-01
9.486229610516464517e-01
2.513811544123542574e-01
1.157171625334626475e-01
3.888756650254255876e-01
9.258984075944175218e-02
1.641162086479684978e-01
3.124966163604618874e-01
8.940934833084980549e-02
5.428170748422835867e-01
1.525136593994705636e-01
4.668407944941111998e-01
1.487776221485185846e-01
1.166699217918488463e-01
2.044904123785944439e-01
8.559553435692301981e-02
2.327842987613374381e-01
6.572648173446925257e-02
1.074506591595070643e-01
1.104700442613826272e-02
3.027995856287350740e-02
1.749271059647972970e-01
1.999599462555905205e-01
1.920934342580438436e-01
1.694411036430245043e-01
1.371750729000207891e-01
2.246761257737159012e-01
1.146838496117182082e-01
1.749243290244144877e-01
1.355056614925579939e-01
1.758798652231841342e-01
1.405916724379214222e-01
8.352890851343405809e-02
2.384258545290608711e-01
3.171048592064394656e-02
1.525136593994704248e-01
1.852574582418590465e-01
2.437507495241167110e-01
1.235058978080337821e-01
1.959072482319715314e-01
1.596662961883228982e-01
4.608798010133361989e-01
1.465526659186962566e-01
1.874824144716817631e-01
2.413674629079602396e-01
1.532303115485468825e-01
2.079875655798536505e-01
1.856546726778851020e-01
3.404738419705365948e-01
3.244186033220098353e-01
4.587353984468727774e-01
1.140477511260001575e-01
9.743696765511314362e-02
5.340728033689440268e-02
3.198881371990061062e-01
2.284121630246673806e-01
1.869268696493215365e-01
2.821388810746126574e-01
2.672752857341640920e-01
3.162326536114130060e-01
3.720259975048471612e-01
3.868090391819368756e-01
2.753834587217854346e-01
1.661828344914572098e-01
2.137096750109357679e-01
5.722109431082080151e-03
1.056229173657105280e-01
9.616477068367643155e-03
1.062590158514285232e-01
1.438499415894891609e-01
1.240614426303937312e-01
1.424999678950766013e-01
2.829333099466643797e-01
2.629059269378770103e-01
2.528922354334835476e-01
1.691244428703569114e-01
2.264260908445368814e-01
2.461368130806565191e-01
1.115839108464850848e-01
2.036959835065416669e-01
1.731771408939764001e-01
1.444860400752071283e-01
1.312140794192462323e-01
1.500498191199554632e-01
1.909795676729405811e-01
1.506859176056739857e-01
1.505275872193402031e-01
1.429777359944610360e-01
5.364616438658645348e-02
2.559116205353600959e-02
4.156584703870393194e-02
1.224725848862893846e-01
1.874046377487064707e-01
0.000000000000000000e+00
1.777076070169805455e-01
1.062590158514289118e-01
5.912938976797648544e-02
2.604420866583619376e-01
1.267641669596005771e-01
1.297835520614756821e-01
2.062403774494154796e-01
1.525136593994702583e-01
2.075903511438274562e-01
3.727426496539217038e-02
1.920128805946852424e-01
1.952711497462530366e-01
2.927886710647240598e-01
1.700772021287427216e-01
2.492367518458898923e-01
2.671975090111886608e-01
3.975366058950242643e-01
1.807269921188553452e-01
1.474276484541071353e-01
1.834297164480621911e-01
2.389036226284454723e-01
1.535469723212148363e-01
2.217372943351993420e-01
2.362814519625966725e-01
3.779064373222628670e-01
3.118605178747430040e-01
1.448054777882576971e-01
3.541430170625237128e-01
1.426582982814103562e-01
1.379695017720725947e-01
1.682494603349462270e-01
1.619718060815042993e-01
2.138680053972692729e-01
1.472665411273897940e-01
1.336001429757859293e-01
7.407076183140040571e-02
1.123783397185370292e-01
1.247753178390870535e-02
1.623690205175304935e-01
1.359028759285837717e-01
2.121208172668312131e-01
3.605817786426824822e-01
2.581365767651808696e-01
1.231864600949830885e-01
1.444082633522318360e-01
2.018682417127456163e-01
1.370945192366618548e-01
2.028210009711312045e-01
2.393813907278298236e-01
3.129743844598457669e-01
2.233261520793032306e-01
1.107894819744324327e-01
9.393981445385345130e-02
5.690443353815397010e-02
3.194936997033633042e-02
2.152207560320644475e-01
1.822380731399839415e-01
1.371750729000205671e-01
4.135918445435510793e-01
3.227519688549302934e-01
4.947346895004453571e-01
3.331628747953501168e-01
2.938219839864690264e-01
2.065570382220830170e-01
1.787409199387248460e-01
8.805937463643784269e-02
1.158754929197965827e-01
8.003175531217450456e-02
3.607401090290165424e-01
2.139485590606283183e-01
1.928878631300957325e-01
3.673372009955090944e-01
4.752684051947801691e-02
8.194005076932962817e-02
1.727799264579500393e-01
3.121799555877936561e-01
5.556140443392431072e-01
5.656277358436370140e-01
5.141287509638977626e-01
2.518589225117388031e-01
2.548783076136137415e-01
2.346120405551335997e-01
1.982127581251520998e-01
1.279558102676789655e-01
2.594087737366175261e-01
1.838269308840881355e-01
2.634614717602368206e-01
1.613357075957865261e-01
3.357850454611986390e-01
2.803111392808155244e-01
4.609631316170761939e-02
1.142060815123339124e-01
7.637627172458150149e-02
1.417055390230245737e-01
1.952711497462525370e-01
2.165707297264766185e-01
2.426396598793978121e-01
1.361417599782763221e-01
2.010738128406929781e-01
3.360239295108913282e-01
1.406722261012803843e-01
1.002980223706545632e-01
8.805937463643775942e-02
1.031590770861953998e-01
2.524950209974574089e-01
1.967822307673819937e-01
2.507450559266358181e-01
2.044904123785942218e-01
1.109478123607663957e-01
1.379695017720727057e-01
4.314748249858742501e-01
2.764167716435304567e-01
1.791381343747505406e-01
2.730779488286047552e-01
2.970802531380359879e-01
1.623690205175304380e-01
1.162727073558223884e-01
3.061411853840440012e-01
1.119811252825109599e-01
5.817663050959059196e-02
2.060014933997233455e-01
1.158754929197958750e-01
5.611000466610180371e-02
8.638996322897515845e-02
2.338176116830818774e-01
4.156584703870397357e-02
9.521201142529073236e-02
6.326264145495427704e-02
1.579968847808599641e-01
1.951128193599190597e-01
1.827936179623443347e-01
2.388230689650867322e-01
1.777076070169801292e-01
1.782631518393402448e-01
3.070939446424302277e-01
5.324894995056052467e-03
4.315470478280802880e-02
1.222337008365967370e-01
1.424194142317187217e-01
1.883573970070917536e-02
2.420035613936787899e-01
1.715882831498717342e-01
1.083256416949180678e-01
2.861054715541211380e-03
1.371750729000204561e-01
6.079880117543937090e-02
6.469316881272477171e-02
8.869547312215646240e-02
2.765778789702487417e-02
1.470304340180804692e-01
8.456222143517845569e-02
4.196306147473005677e-02
3.951533192788679871e-01
1.783437055026984297e-01
4.196306147473001513e-02
1.801714472964950908e-01
2.848416054038199197e-01
6.755422352826567778e-02
5.261285146484215303e-02
1.150810640477444857e-01
2.964386007715535953e-02
2.352453621004669398e-02
1.782631518393400505e-01
7.494574436681104845e-02
2.556727364856658524e-01
7.979287126248249540e-02
2.958080561665993313e-01
1.465526659186964231e-01
2.598837648956175972e-02
5.507669174435714243e-02
1.225503616092642883e-01
1.251753092154963554e-01
4.768517090581200768e-02
3.114660803790999521e-01
1.019674337781170531e-01
1.305779809335278485e-01
7.224302003760374458e-02
9.314538558180156247e-02
1.355862151559166506e-01
1.588718673162704542e-01
9.417869850354612660e-02
1.776270533536217777e-01
1.494137206342373292e-01
2.948552969082107733e-02
1.732576945573350569e-01
2.547199772272799589e-01
8.702606171469343121e-02
1.730188105076425620e-01
1.080867576452253925e-01
1.291474535757575759e-01
2.249955634867663035e-01
1.189754316850297755e-01
1.484609613758510749e-01
1.537858563709067761e-01
2.702974477764220063e-01
6.509038324875082715e-02
6.199044448351756498e-02
9.616477068367658768e-03
1.883573970070920034e-01
2.015488039996947978e-01
3.661455576874309559e-01
2.378703097067011440e-01
7.391243144506638718e-02
1.678522458989201993e-01
1.363806440279684284e-01
1.447249241248994012e-01
2.850777125131285228e-01
1.123783397185370708e-01
3.399182971481766180e-01
1.158754929197964995e-01
4.116029954230374099e-01
2.237233665153296469e-01
7.224302003760360580e-02
2.264260908445366594e-01
1.235836745310089912e-01
1.911378980592748356e-01
8.583164146623217805e-03
1.314529634689385884e-01
3.457154063618484569e-02
5.690443353815369254e-02
2.312732177402078704e-01
1.095172850029958317e-01
8.964823238054214771e-02
1.610162698827352912e-01
2.075903511438276783e-01
2.325454147116446102e-01
1.410694405373061067e-01
2.056042789636970680e-01
1.861324407772696476e-01
2.400952659365235553e-01
2.408896948085760270e-01
3.028023625691182441e-01
3.600234568799396961e-01
2.603615329950035306e-01
2.213400798991730090e-01
7.580378308743485061e-01
5.974965521506148125e-01
4.103335753919838957e-01
