8.989661124840231388e-01
1.099278400953303203e+00
1.142635287576009739e+00
1.351966859183884928e+00
1.359806562766876281e+00
9.030622157866674549e-01
6.770534447234809461e-01
4.525075309244718236e-01
4.053506826408397878e-01
1.224047751125999728e+00
6.483573970070921622e-01
1.282634266807238577e+00
9.984286314694440501e-01
1.063758473362119705e+00
9.921882540200284151e-01
1.250742311375167004e+00
5.884472698714573458e-01
7.531820877915959001e-01
5.975635427292723678e-01
3.353610226106177872e-01
8.643776572285215565e-01
1.010794428872052286e+00
3.698646803190667187e-01
7.930862472608396496e-01
1.457991809463547339e+00
6.142006884401749467e-01
1.244246581431282195e+00
8.699359147814185178e-01
2.557171625334626608e-01
8.663389949205547724e-01
2.048197438868840925e-01
1.243031481243264791e+00
4.067006977138138524e+00
8.247874139804769467e-01
1.134726105702278609e+00
6.799956276966128144e-01
6.052431921432327444e-01
4.211051219783286670e-01
4.337541010587326884e-01
5.352476928663132405e-01
9.193130616255539012e-02
3.815571024319296400e-01
1.841562623923781172e-01
3.234971532012593798e-01
4.753615972048497174e-02
2.302799585628735324e-01
7.556580242125005009e-01
6.381268113896350069e-01
4.057401732388627447e-01
6.804777680993842059e-01
9.856048535579295944e-01
1.339548019546398683e+00
1.661164260299290873e+00
2.179201198824559871e+00
0.000000000000000000e+00
4.941516027918747334e+00
6.123001321294093025e+00
2.245518332228180203e+00
2.276624474975279977e+00
8.160689301529199247e-01
3.017104859206439782e-01
4.534895925246854809e+00
3.437522468216091198e+00
7.854010763550274277e-01
7.587141115241695655e-01
2.145960993480774182e+00
4.495754025551865762e-01
1.812243020037603625e+00
8.571663282932465711e-01
8.657401732388630977e-01
1.213749728755345370e+00
9.134648232948525681e-01
6.388718673162713246e-01
6.281629390051969297e-01
7.302482032506986132e-01
7.851681599717263982e-01
6.257768754486574547e-01
2.337771117641330443e-01
1.271663282932463390e-01
8.134065449340527332e-02
7.157812477520444361e-01
4.633662058237134063e-01
1.836965581007742598e-01
4.788264204997025875e-01
9.075361597204848474e-01
7.215384640299165042e-01
1.076412399340143100e+00
5.016918475186311621e-01
1.011953742273723478e+00
3.334741424958587164e-01
4.919313061625554817e-01
1.050723194409699107e-01
5.689529955738616973e-01
1.267554223528265522e-01
1.277569799623962110e-01
2.813081874957452211e+00
1.945324894995055454e+00
1.439125017464589318e+00
1.575334214196062232e+00
4.774282230483391509e-01
8.000410745131810719e-01
4.983212693915305969e-01
7.729328637721256667e-01
5.227531180433945268e-01
5.147693501726960941e-01
4.987859205807536611e-01
1.089873424925840606e+00
4.027164158336010713e-01
4.220622535401018505e-01
2.070353809157003400e-01
1.033618335203259353e-01
4.615702193420912480e-01
2.431180025730142746e-01
4.445392107297779227e-01
1.273915208385449638e-01
2.078073736765861934e-02
8.675542235282654446e-02
2.495129126996085966e-01
2.642729436712986102e-01
0.000000000000000000e+00
3.093863376254496478e-01
2.963675271178071169e-01
9.349715320125945306e-02
4.581772051038227600e-01
2.471433175878461341e-01
3.324912232883027174e-01
2.884702805768572520e-01
3.745715406361850297e-01
3.647830416770890261e-01
6.234658440636260679e-02
1.326177983624619028e-01
3.804158528380395254e-01
4.953429588028370190e-01
2.952032668185162190e-01
3.134511317904589145e-01
5.051298623989280978e-01
7.246197643931368004e-01
5.052306498273040347e-01
4.472742649653924651e-01
6.314168358533768233e-01
9.659790572885547100e-01
1.708031734788263423e-01
4.929646190842999487e-01
6.675800111740494147e-01
8.154860023217729292e-01
6.690795706480214822e-01
3.943901995444508701e-01
5.620128805946857931e-01
3.833070675027510088e-01
3.505051511081720417e-01
2.882758225749625369e-01
2.946872011463334551e-01
3.648060523824905310e-01
3.320211790269204655e-01
2.574189038473323476e-01
5.172562011576113949e-01
2.496345408761485585e-01
6.182774179379659646e-02
1.560869939607014145e-01
3.240971240714162760e-01
1.926084791614551539e-01
4.523328929019687639e-01
2.826840859271935180e-01
5.888264204997025741e-01
8.807440351578643689e-01
6.533574612169383844e-01
3.107226198154677821e-01
3.904553319882166362e-01
6.104103313461872737e-01
9.656185450623231414e-01
6.859790572885551274e-01
1.366288472786672537e-01
3.044088379464640060e-01
2.305325341169596753e-01
2.194936997033632500e-02
3.466201026718931377e-01
3.503698314272387648e-01
4.918047310883964518e-01
7.652979581608078119e-01
8.611269834952641755e-01
1.132558531621806974e+00
1.300563714834901630e+00
1.279074049156169179e+00
6.155818428525292596e-01
7.478829804423238192e-01
2.697381052449073224e-01
2.785557811378361337e-01
2.160782493539272486e-01
7.046027213541277145e-01
5.898876910244668093e-01
4.272468819566052067e-01
1.273130673308636718e+00
1.682665033739556559e-01
2.380413108286574819e-01
3.254514700692154872e-01
1.056041547144133119e+00
1.133483907871404961e+00
1.263704728113316023e+00
8.883070032929050175e-01
5.328878631300963953e-01
6.744893916098230191e-01
4.224271380697207645e-01
5.362272605392545133e-01
2.471526367888524922e-01
4.619170400639292517e-01
4.259746849851678840e-01
4.858798652231834381e-01
3.762820265568295186e-01
5.073093718121823859e-01
6.021345087712254296e-01
4.390368683829233565e-02
2.045852321405789431e-01
8.649352759773420996e-02
3.668863697303732518e-01
2.757939184876662120e-01
4.045578491317914915e-01
5.014573357723258740e-01
3.592373264401228505e-01
4.010924512427064270e-01
5.788226227905477472e-01
1.965115914055151070e-01
1.401172558731523243e-01
2.110376852251317215e-01
3.628610547155409760e-01
5.914299527635381581e-01
4.716464007020625404e-01
4.418277417937965246e-01
6.549320528624169580e-01
3.307670458632647192e-01
2.829783105886938821e-01
2.307576085045202063e+00
5.144400186644066952e-01
2.668907420337598979e-01
7.543951464420710629e-01
3.208716310007951322e-01
3.823690205175303558e-01
5.791962519269412413e-01
5.067734861606074670e-01
5.291113259601953889e-01
2.793228270011002268e-01
2.025805215584349228e-01
2.606771729988993647e-01
1.611549410982842934e-01
8.674173084843299353e-02
5.544772954684327182e-01
1.565847038703979677e-03
1.706360984857182572e-01
2.489299848684611571e-01
3.779968847808597987e-01
4.244542847630325966e-01
2.436144090744118140e-01
4.649857981112202610e-01
5.292055711279475272e-01
2.802115010409048090e-01
3.064705168923339551e-01
2.532489499505606936e-02
1.202388840496925737e-01
3.822337008365968014e-01
2.268770505293664363e-01
4.116426029929076691e-02
7.254508954749830929e-01
3.841973369055595167e-01
1.820983811556635690e-01
1.286105471554122026e-02
2.448104246858776034e-01
8.079880117543936091e-02
4.194936997033638093e-02
1.591020067591887854e-01
2.199863084956062420e-01
1.503791506282453061e-01
1.185420896334418994e-01
1.919630614747300790e-01
3.877349900257676119e-01
3.263582079168002026e-01
5.196306147473000320e-02
3.699906807989933322e-01
5.578111713857386578e-01
1.575542235282656189e-01
5.261285146484216690e-02
1.631229494706334937e-01
8.726057346099869161e-02
4.570841792668853959e-02
1.420622535401019626e-01
2.849457443668110823e-01
2.904460127872098285e-01
8.628202655682933042e-02
3.394899019942082541e-01
4.127711818511762831e-01
1.088220481963155795e-01
1.051939476175099974e-01
3.823422121029749765e-01
2.470260617146937676e-01
9.284736321114755997e-02
5.850865855395962489e-01
1.940253150148320005e-01
4.583930784481150544e-01
1.666107834708863700e-01
1.081903220139842220e-01
2.740784856694031268e-01
2.313088991812307649e-01
7.152477252552273679e-02
1.679514379642919053e-01
2.268770505293661588e-01
5.169679441625019134e-02
2.686543986089746650e-01
3.674002654453195071e-01
1.107714181666517306e-01
2.650679471375829710e-01
7.427789056891791197e-02
2.697063499327327918e-01
4.521882540200283240e-01
1.861330153715020364e-01
1.852120114252905347e-01
2.863675271178069415e-01
4.923553290131367222e-01
1.775087767116976800e-01
1.793091354967066842e-01
6.105632362714483174e-03
3.283125247847565875e-01
6.663308249080130974e-01
3.568403483195723425e-01
5.519039231537680168e-01
4.891918796235539824e-01
2.558042584574445888e-01
4.253429588028369013e-01
3.303561399228447937e-01
1.139092687558181716e+00
4.353566503072305860e-01
1.653393014238268455e+00
7.609829192075566739e-01
1.299499221195214993e+00
1.230357160691616603e+00
8.193271993044874968e-01
9.685103343212673188e-01
5.348822337424615769e-01
7.182407157281719412e-01
4.141683585337677109e-02
1.672211264725428581e+00
3.996164770683672818e-01
1.633935888325006025e-01
7.329596721866799003e-01
2.430663481494505618e+00
3.462546435480417517e-01
1.914852933753455055e-01
1.337526840519478233e+00
8.285470365310616536e-01
1.558437376076216296e-01
4.812190263168659166e-01
4.581815774072101610e-01
1.102241999268831929e+00
1.152486276390683129e+00
9.272074028064281048e-01
1.335410395556034135e+00
8.551348092965478376e-01
7.175312128228655828e-01
2.280590077074917676e+00
1.619166538152309709e+00
7.550278933931733327e-01
